/*--------------------------------*- C++ -*----------------------------------*\
| =========                 |                                                 |
| \\      /  F ield         | OpenFOAM: The Open Source CFD Toolbox           |
|  \\    /   O peration     | Version:  v1812                                 |
|   \\  /    A nd           | Web:      www.OpenFOAM.com                      |
|    \\/     M anipulation  |                                                 |
\*---------------------------------------------------------------------------*/
FoamFile
{
    version     2.0;
    format      ascii;
    class       polyTopoChanger;
    location    "constant/polyMesh";
    object      meshModifiers;
}
// * * * * * * * * * * * * * * * * * * * * * * * * * * * * * * * * * * * * * //

1
(
couple0
{
    type            slidingInterface;
    masterFaceZoneName i_tip_twoo_tip_twoMasterZone;
    slaveFaceZoneName i_tip_twoo_tip_twoSlaveZone;
    cutPointZoneName i_tip_twoo_tip_twoCutPointZone;
    cutFaceZoneName i_tip_twoo_tip_twoCutFaceZone;
    masterPatchName i_tip_two;
    slavePatchName  o_tip_two;
    typeOfMatch     integral;
    coupleDecouple  true;
    projection      visible;
    attached        true;
    active          true;
    masterFaceCells List<label> 
720
(
421902
421914
421926
421938
421950
421962
421974
421986
421998
422010
421903
421915
421927
421939
421951
421963
421975
421987
421999
422011
421904
421916
421928
421940
421952
421964
421976
421988
422000
422012
421905
421917
421929
421941
421953
421965
421977
421989
422001
422013
421906
421918
421930
421942
421954
421966
421978
421990
422002
422014
421907
421919
421931
421943
421955
421967
421979
421991
422003
422015
421908
421920
421932
421944
421956
421968
421980
421992
422004
422016
421909
421921
421933
421945
421957
421969
421981
421993
422005
422017
421910
421922
421934
421946
421958
421970
421982
421994
422006
422018
421911
421923
421935
421947
421959
421971
421983
421995
422007
422019
421912
421924
421936
421948
421960
421972
421984
421996
422008
422020
421913
421925
421937
421949
421961
421973
421985
421997
422009
422021
422082
422088
422094
422100
422106
422112
422118
422124
422130
422136
422083
422089
422095
422101
422107
422113
422119
422125
422131
422137
422084
422090
422096
422102
422108
422114
422120
422126
422132
422138
422085
422091
422097
422103
422109
422115
422121
422127
422133
422139
422086
422092
422098
422104
422110
422116
422122
422128
422134
422140
422087
422093
422099
422105
422111
422117
422123
422129
422135
422141
422202
422208
422214
422220
422226
422232
422238
422244
422250
422256
422203
422209
422215
422221
422227
422233
422239
422245
422251
422257
422204
422210
422216
422222
422228
422234
422240
422246
422252
422258
422205
422211
422217
422223
422229
422235
422241
422247
422253
422259
422206
422212
422218
422224
422230
422236
422242
422248
422254
422260
422207
422213
422219
422225
422231
422237
422243
422249
422255
422261
422322
422328
422334
422340
422346
422352
422358
422364
422370
422376
422323
422329
422335
422341
422347
422353
422359
422365
422371
422377
422324
422330
422336
422342
422348
422354
422360
422366
422372
422378
422325
422331
422337
422343
422349
422355
422361
422367
422373
422379
422326
422332
422338
422344
422350
422356
422362
422368
422374
422380
422327
422333
422339
422345
422351
422357
422363
422369
422375
422381
422442
422448
422454
422460
422466
422472
422478
422484
422490
422496
422443
422449
422455
422461
422467
422473
422479
422485
422491
422497
422444
422450
422456
422462
422468
422474
422480
422486
422492
422498
422445
422451
422457
422463
422469
422475
422481
422487
422493
422499
422446
422452
422458
422464
422470
422476
422482
422488
422494
422500
422447
422453
422459
422465
422471
422477
422483
422489
422495
422501
422622
422634
422646
422658
422670
422682
422694
422706
422718
422730
422623
422635
422647
422659
422671
422683
422695
422707
422719
422731
422624
422636
422648
422660
422672
422684
422696
422708
422720
422732
422625
422637
422649
422661
422673
422685
422697
422709
422721
422733
422626
422638
422650
422662
422674
422686
422698
422710
422722
422734
422627
422639
422651
422663
422675
422687
422699
422711
422723
422735
422628
422640
422652
422664
422676
422688
422700
422712
422724
422736
422629
422641
422653
422665
422677
422689
422701
422713
422725
422737
422630
422642
422654
422666
422678
422690
422702
422714
422726
422738
422631
422643
422655
422667
422679
422691
422703
422715
422727
422739
422632
422644
422656
422668
422680
422692
422704
422716
422728
422740
422633
422645
422657
422669
422681
422693
422705
422717
422729
422741
422802
422808
422814
422820
422826
422832
422838
422844
422850
422856
422803
422809
422815
422821
422827
422833
422839
422845
422851
422857
422804
422810
422816
422822
422828
422834
422840
422846
422852
422858
422805
422811
422817
422823
422829
422835
422841
422847
422853
422859
422806
422812
422818
422824
422830
422836
422842
422848
422854
422860
422807
422813
422819
422825
422831
422837
422843
422849
422855
422861
422922
422928
422934
422940
422946
422952
422958
422964
422970
422976
422923
422929
422935
422941
422947
422953
422959
422965
422971
422977
422924
422930
422936
422942
422948
422954
422960
422966
422972
422978
422925
422931
422937
422943
422949
422955
422961
422967
422973
422979
422926
422932
422938
422944
422950
422956
422962
422968
422974
422980
422927
422933
422939
422945
422951
422957
422963
422969
422975
422981
423042
423048
423054
423060
423066
423072
423078
423084
423090
423096
423043
423049
423055
423061
423067
423073
423079
423085
423091
423097
423044
423050
423056
423062
423068
423074
423080
423086
423092
423098
423045
423051
423057
423063
423069
423075
423081
423087
423093
423099
423046
423052
423058
423064
423070
423076
423082
423088
423094
423100
423047
423053
423059
423065
423071
423077
423083
423089
423095
423101
423162
423168
423174
423180
423186
423192
423198
423204
423210
423216
423163
423169
423175
423181
423187
423193
423199
423205
423211
423217
423164
423170
423176
423182
423188
423194
423200
423206
423212
423218
423165
423171
423177
423183
423189
423195
423201
423207
423213
423219
423166
423172
423178
423184
423190
423196
423202
423208
423214
423220
423167
423173
423179
423185
423191
423197
423203
423209
423215
423221
)
;
    slaveFaceCells  List<label> 
288
(
43327
43332
41028
43326
57491
57494
57489
57496
57500
57497
46108
46111
46109
57483
57487
57482
57948
57967
57926
57807
58003
58091
57927
58105
58112
57933
57949
57951
57947
57968
57972
57970
58077
58082
58078
58011
58014
58009
58002
58007
58005
58094
58096
58092
58084
58089
58086
58106
58110
58108
58115
58117
58113
58098
58103
58100
92054
92281
91540
91576
91611
91547
91583
91618
91554
91590
91625
91561
91597
91630
91320
91539
91570
91572
92068
91605
91328
91599
91321
91546
91545
91577
91579
91578
91612
91329
91606
91322
91553
91552
91584
91586
91585
91619
91330
91613
91323
91560
91559
91591
91593
91592
91626
91331
91620
91565
91598
91627
92057
92059
92055
92284
92286
92283
91869
91873
91870
92104
92108
92105
92333
92336
92331
91917
91922
91919
92153
92157
92154
92382
92385
92380
91966
91971
91968
92202
92206
92203
92431
92434
92429
92015
92020
92017
92233
92238
92235
92451
92455
92450
91727
91729
91725
91863
91866
91861
92063
92066
92062
92077
92080
92076
92069
92073
92071
92289
92294
92291
91780
91785
91782
92249
92251
92247
91733
91736
91731
91912
91915
91910
91903
91908
91905
92112
92115
92111
92126
92129
92125
92118
92122
92119
92338
92343
92340
91787
91792
91789
92298
92301
92296
91740
91743
91738
91961
91964
91959
91952
91957
91954
92161
92164
92160
92175
92178
92174
92167
92171
92168
92387
92392
92389
91794
91799
91796
92347
92350
92345
91747
91750
91745
92010
92013
92008
92001
92006
92003
92210
92213
92209
92224
92227
92223
92216
92220
92217
92436
92441
92438
91801
91806
91803
92396
92399
92394
92022
92024
92026
92031
92027
92231
92229
92242
92245
92240
92445
92448
92443
116411
116809
116811
116412
116813
116413
117330
117334
117329
119362
119365
117338
117341
117336
119369
119374
119371
117343
117348
117344
)
;
    masterStickOutFaces List<label> 
1844
(
294918
294919
294923
294930
294931
294952
294960
294961
294966
294973
294974
270402
270403
270407
295003
295010
295011
295021
295022
1294491
1294492
1294493
1294494
1294495
1294496
1294497
1294498
1294499
1294500
1294501
1294502
1294503
1294504
1294505
1294506
1294507
1294508
1294509
1294510
1294511
1294512
1294513
1294514
1294515
1294516
1294517
1294518
1294519
1294520
1294521
1294522
1294523
1294524
1294525
1294526
1294527
1294528
1294529
1294530
1294531
1294532
1294533
1294534
1294535
1294536
1294537
1294538
1294539
1294540
1294541
1294542
1294543
1294544
1294545
1294546
1294547
1294548
1294549
1294550
1294551
1294552
368856
1294553
1294554
368858
1294555
1294556
1294557
1294558
1294559
1294560
1294561
1294562
1294563
1294564
1294565
1294566
1294567
1294568
1294569
1294570
1294571
1294572
1294573
1294574
1294575
1294576
1294577
1294578
1294579
1294580
1294581
1294582
1294583
1294584
1294585
1294586
1294587
1294588
1294589
1294590
1294591
1294592
155904
1294593
155905
1294594
1294595
1294596
1294597
1294598
1294599
1294600
1294601
1294602
1294603
1294604
278880
278881
156001
278883
369010
369011
369015
369044
369045
369046
369050
1294779
1294780
1294781
1294782
1294783
1294784
1294785
1294786
369090
1294787
369091
1294788
1294789
1294790
1294791
369095
1294792
1294793
1294794
1294795
1294796
1294797
1294798
1294799
1294800
1294801
1294802
1294803
1294804
1294805
1294806
1294807
1294808
1294809
1294810
1294811
1294812
1294813
1294814
1294815
1294816
1294817
1294818
1294819
1294820
1294821
1294822
1294823
1294824
1294825
1294826
1294827
1294828
1294829
1294830
1294831
1294832
1294833
1294834
1294835
1294836
1294837
1294838
1294839
1294840
1294841
1294842
1294843
1294844
1294845
1294846
1294847
1294848
1294849
1294850
1294851
1294852
1294853
1294854
1294855
279047
1294856
1294857
279049
1294858
1294859
1294860
1294861
1294862
1294863
1294864
1294865
1294866
1294867
1294868
1294869
1294870
1294871
1294872
1294873
1294874
1294875
1294876
1294877
1294878
1294879
1294880
1294881
1294882
1294883
1294884
1294885
1294886
1294887
1294888
1294889
1294890
1294891
1294892
156365
156367
1295057
1295058
1295059
1295060
1295061
1295062
1295063
1295064
1295065
1295066
1295067
1295068
1295069
1295070
1295071
1295072
1295073
1295074
1295075
1295076
1295077
1295078
1295079
1295080
1295081
1295082
1295083
1295084
1295085
1295086
1295087
1295088
1295089
1295090
1295091
1295092
1295093
1295094
1295095
1295096
1295097
1295098
1295099
1295100
1295101
1295102
1295103
1295104
1295105
1295106
1295107
1295108
1295109
1295110
1295111
1295112
1295113
1295114
1295115
1295116
1295117
1295118
1295119
1295120
1295121
1295122
1295123
1295124
1295125
1295126
1295127
1295128
1295129
1295130
1295131
1295132
1295133
1295134
1295135
1295136
1295137
1295138
1295139
1295140
1295141
1295142
1295143
1295144
1295145
1295146
1295147
1295148
1295149
1295150
1295151
1295152
1295153
1295154
1295155
1295156
1295157
1295158
1295159
1295160
156497
156499
156681
156683
99370
99373
99374
377944
377950
377959
99505
99506
99509
99511
279946
279948
107918
107919
108149
108151
370308
370309
370310
370318
370319
370327
370328
370343
370344
370386
370425
1337166
1337168
370514
1337170
370516
1337172
1337174
1337176
1337178
1337180
1337182
1337184
1337186
1337188
1337190
1337192
272233
1337194
272236
1337196
1337198
1337200
1337202
1337204
1337206
1337208
1337210
1337212
1337214
1337216
1337218
1337220
1337222
1337224
1337226
1337228
272269
1337230
1337232
272272
1337234
1337236
1337238
1337240
1337242
1337244
1337246
1337248
1337250
1337252
1337254
1337256
1337258
1337260
1337262
1337264
1337266
1337268
370613
1337270
370614
370616
1337272
1337274
1337276
1337278
1337280
1337282
1337284
1337286
1337288
1337290
1337292
1337294
1337296
370641
370642
1337298
1337300
370644
1337302
1337304
1337306
1337308
370683
370684
370686
281033
281035
133949
133950
133951
289611
289613
289615
289616
289617
289620
289621
289622
289625
289626
289627
289630
191338
191339
191340
191347
191348
289653
289654
191351
289657
289658
289661
191358
289662
191359
289665
289666
289667
191374
191381
191382
134047
134049
191399
191400
289710
289712
118001
290275
290277
372204
372205
290309
290310
290343
290344
290377
290378
118374
118375
118377
290575
290606
372538
372541
372542
290634
372555
372556
102220
102223
102224
372573
372576
372577
290662
290663
290693
290694
290720
372665
290753
372751
372831
372901
372902
291101
373037
373039
291122
291123
119114
119115
119116
291149
291150
102759
291176
291177
102761
102762
102764
373169
373171
291303
291327
291351
291375
291376
291406
373350
373352
291449
291450
291453
291454
291461
291463
291468
291469
291472
291489
291491
291497
291498
291501
291519
291521
291523
291524
291538
103122
103125
103127
119563
119565
144252
144253
144256
144297
144298
144300
144303
275382
275383
275385
185316
136166
136169
136171
136202
136203
136206
136208
185371
136248
136249
136253
275555
275556
275558
291950
382065
144502
144503
382073
144505
382074
382084
382085
144530
144531
144533
144572
144573
144575
275795
275796
275798
185754
185755
185758
185764
185765
185766
103937
103938
104124
104125
104127
1292063
1292064
1292065
1292066
1292067
1292068
1292069
1292070
1292071
1292072
1292073
1292074
1292075
1292076
1292077
1292078
1292079
1292080
1292081
1292082
1292083
1292084
1292085
1292086
1292087
1292088
1292089
1292090
1292091
1292092
1292093
1292094
1292095
1292096
1292097
1292098
1292099
1292100
1292101
1292102
1292103
1292104
1292105
1292106
1292107
1292108
1292109
1292110
1292111
1292112
1292113
1292114
1292115
1292116
1292117
1292118
1292119
1292120
1292121
1292122
1292123
1292124
1292125
1292126
1292127
1292128
1292129
1292130
1292131
1292132
1292133
1292134
1292135
1292136
1292137
1292138
1292139
1292140
1292141
1292142
1292143
1292144
1292145
1292146
1292147
1292148
1292149
1292150
1292151
1292152
1292153
1292154
1292155
1292156
1292157
1292158
1292159
1292160
1292161
1292162
1292163
1292164
1292165
1292166
1292167
1292168
1292169
1292170
1292171
1292172
1292173
1292174
1292175
1292176
1292177
1292178
1292179
1292180
1292181
1292182
1292183
1292184
1292185
1292186
1292187
1292188
1292189
1292190
1292191
1292192
1292193
1292194
1292195
1292196
1292197
1292198
1292199
1292200
1292201
1292202
1292203
1292204
1292205
1292206
1292207
1292208
1292209
1292210
1292211
1292212
1292213
1292214
1292215
1292216
1292217
1292218
1292219
1292220
1292221
1292222
1292223
1292224
1292225
1292226
1292227
1292228
1292229
1292230
1292231
1292232
1292233
1292234
1292235
1292236
1292237
1292238
1292239
1292240
1292241
1292242
1292243
1292244
1292245
1292246
1292247
1292248
1292249
1292250
1292251
1292252
1292253
1292254
1292255
1292256
1292257
1292258
1292259
292836
1292260
1292261
1292262
1292263
1292264
1292265
1292266
1292267
1292268
1292269
1292270
1292271
1292272
1292273
1292274
1292275
1292276
1292277
1292278
1292279
1292280
1292281
1292282
1292283
1292284
1292285
1292286
1292287
1292288
1292289
1292290
1292291
1292292
1292293
1292294
1292295
1292296
1292297
1292298
1292299
1292300
292947
292948
186466
186467
292980
1292475
1292476
1292477
1292478
1292479
1292480
1292481
1292482
1292483
1292484
1292485
1292486
1292487
1292488
1292489
1292490
1292491
1292492
1292493
1292494
1292495
1292496
1292497
1292498
1292499
1292500
1292501
1292502
1292503
1292504
1292505
1292506
1292507
1292508
1292509
1292510
1292511
1292512
1292513
1292514
1292515
1292516
1292517
1292518
1292519
1292520
1292521
1292522
1292523
1292524
1292525
1292526
1292527
1292528
1292529
1292530
1292531
1292532
1292533
1292534
1292535
1292536
1292537
1292538
1292539
1292540
1292541
1292542
1292543
1292544
1292545
1292546
1292547
1292548
1292549
1292550
1292551
1292552
1292553
1292554
1292555
1292556
1292557
1292558
1292559
1292560
1292561
1292562
1292563
1292564
1292565
1292566
1292567
1292568
1292569
1292570
1292571
1292572
1292573
1292574
1292575
1292576
1292577
1292578
1292579
1292580
1292581
1292582
1292583
1292584
1292585
1292586
1292587
268588
1292588
268590
268592
268594
268621
268622
268624
268627
268669
268670
268672
268675
1292763
1292764
1292765
1292766
1292767
186847
1292768
186848
1292769
1292770
1292771
1292772
1292773
1292774
1292775
1292776
1292777
1292778
1292779
1292780
1292781
1292782
1292783
1292784
1292785
1292786
1292787
1292788
1292789
1292790
1292791
1292792
1292793
1292794
1292795
1292796
1292797
1292798
1292799
1292800
1292801
1292802
1292803
1292804
1292805
1292806
1292807
1292808
1292809
1292810
1292811
186891
1292812
186892
1292813
1292814
1292815
1292816
1292817
1292818
1292819
1292820
1292821
1292822
1292823
1292824
1292825
1292826
1292827
1292828
1292829
1292830
1292831
1292832
1292833
1292834
1292835
1292836
1292837
1292838
1292839
1292840
1292841
1292842
1292843
1292844
1292845
1292846
1292847
1292848
1292849
186929
186930
1292850
1292851
186931
1292852
1292853
186933
1292854
1292855
1292856
1292857
1292858
1292859
1292860
1292861
1292862
1292863
1292864
1292865
1292866
1292867
1292868
1292869
1292870
1292871
1292872
1292873
1292874
1292875
1292876
186972
129707
187053
129709
187054
129710
187055
129712
187057
129713
187058
129714
129717
129719
129720
129721
129723
129726
1293051
187131
1293052
187132
1293053
1293054
1293055
1293056
1293057
1293058
1293059
1293060
1293061
1293062
1293063
1293064
1293065
1293066
1293067
1293068
1293069
1293070
1293071
1293072
1293073
1293074
1293075
1293076
1293077
1293078
1293079
1293080
1293081
1293082
1293083
1293084
1293085
1293086
1293087
1293088
1293089
1293090
1293091
1293092
1293093
1293094
1293095
1293096
1293097
1293098
1293099
1293100
1293101
1293102
1293103
1293104
1293105
1293106
1293107
1293108
1293109
1293110
1293111
1293112
187192
1293113
187193
1293114
1293115
1293116
1293117
1293118
1293119
1293120
1293121
1293122
1293123
1293124
1293125
1293126
1293127
1293128
1293129
1293130
1293131
1293132
1293133
1293134
1293135
1293136
1293137
1293138
1293139
1293140
1293141
1293142
1293143
1293144
1293145
1293146
1293147
1293148
1293149
1293150
1293151
1293152
1293153
1293154
1293155
1293156
1293157
1293158
1293159
1293160
1293161
1293162
1293163
1293164
187247
187248
187255
187256
187268
187283
187308
187309
187310
187317
187318
187325
187328
187337
187384
1293339
1293340
1293341
1293342
1293343
1293344
1293345
1293346
1293347
1293348
1293349
1293350
187430
1293351
1293352
1293353
1293354
1293355
1293356
1293357
1293358
1293359
1293360
1293361
1293362
1293363
1293364
1293365
1293366
1293367
1293368
1293369
1293370
1293371
1293372
1293373
1293374
1293375
1293376
367681
1293377
1293378
367682
1293379
1293380
367684
1293381
1293382
1293383
367687
1293384
1293385
269386
1293386
1293387
1293388
269388
1293389
269389
1293390
269390
1293391
1293392
269392
1293393
1293394
269394
1293395
269395
1293396
1293397
1293398
269398
1293399
1293400
1293401
1293402
1293403
1293404
1293405
1293406
1293407
1293408
1293409
1293410
1293411
1293412
1293413
1293414
1293415
1293416
1293417
1293418
1293419
1293420
1293421
1293422
1293423
1293424
277616
1293425
277617
1293426
1293427
1293428
1293429
1293430
1293431
1293432
367736
1293433
367737
1293434
367739
1293435
1293436
1293437
1293438
367742
367743
1293439
367744
1293440
367745
1293441
1293442
1293443
1293444
367749
1293445
367750
1293446
1293447
367752
1293448
1293449
367754
1293450
1293451
277643
367756
1293452
277644
97640
97641
97644
97646
1293801
1293802
1293803
1293804
1293805
1293806
1293807
1293808
1293809
1293810
1293811
1293812
1293813
1293814
1293815
1293816
1293817
1293818
1293819
1293820
1293821
1293822
1293823
1293824
1293825
1293826
1293827
1293828
1293829
1293830
1293831
1293832
122376
1293833
1293834
155146
1293835
155147
1293836
1293837
1293838
1293839
1293840
1293841
1293842
1293843
1293844
1293845
1293846
1293847
1293848
1293849
1293850
1293851
1293852
1293853
1293854
1293855
1293856
1293857
1293858
1293859
1293860
1293861
1293862
1293863
1293864
1293865
1293866
1293867
1293868
1293869
1293870
1293871
1293872
1293873
1293874
269874
1293875
1293876
1293877
269877
1293878
1293879
269879
1293880
1293881
1293882
1293883
1293884
1293885
1293886
1293887
1293888
1293889
1293890
1293891
1293892
1293893
1293894
1293895
1293896
1293897
1293898
368202
1293899
1293900
1293901
1293902
1293903
1293904
1293905
1293906
1293907
1293908
1293909
1293910
1293911
1293912
269912
1293913
1293914
1293915
269915
1293916
1293917
269917
1293918
1293919
1293920
1293921
1293922
1293923
1293924
1293925
1293926
1293927
1293928
1293929
1293930
1293931
1293932
1293933
1293934
1293935
1293936
1293937
1293938
1293939
1293940
1293941
1293942
1293943
1293944
1293945
1293946
1293947
1293948
1293949
1293950
1293951
1293952
1293953
1293954
1293955
1293956
1293957
1293958
1293959
1293960
1293961
1293962
1293963
1293964
1293965
1293966
1293967
1293968
1293969
1293970
1293971
1293972
1293973
1293974
1293975
1293976
1293977
1293978
1293979
1293980
1293981
1293982
1293983
1293984
1293985
1293986
1293987
1293988
1293989
1293990
1293991
1293992
1293993
1293994
1293995
1293996
1293997
1293998
1293999
1294000
1294001
1294002
1294003
1294004
1294005
1294006
1294007
1294008
1294009
1294010
286394
1294011
1294012
1294013
1294014
1294015
1294016
1294017
1294018
1294019
1294020
1294021
1294022
1294023
1294024
1294025
1294026
1294027
1294028
270134
270135
270139
286526
368457
130889
368458
368459
368461
368462
368463
368464
368467
368468
368469
368470
368504
1294203
368507
1294204
1294205
1294206
1294207
1294208
1294209
1294210
1294211
1294212
1294213
1294214
1294215
1294216
1294217
1294218
1294219
1294220
1294221
1294222
1294223
1294224
1294225
1294226
1294227
1294228
1294229
1294230
1294231
1294232
1294233
1294234
1294235
1294236
368540
1294237
368541
1294238
1294239
1294240
1294241
1294242
1294243
1294244
1294245
1294246
1294247
1294248
1294249
1294250
1294251
1294252
1294253
1294254
1294255
1294256
1294257
1294258
1294259
1294260
1294261
1294262
1294263
1294264
1294265
1294266
368570
1294267
368571
1294268
1294269
1294270
1294271
1294272
1294273
1294274
1294275
1294276
1294277
1294278
1294279
1294280
1294281
1294282
1294283
1294284
1294285
1294286
1294287
1294288
1294289
1294290
1294291
1294292
1294293
1294294
1294295
1294296
1294297
1294298
1294299
1294300
1294301
1294302
1294303
1294304
1294305
1294306
1294307
1294308
1294309
1294310
1294311
1294312
1294313
1294314
1294315
1294316
294909
294911
)
;
    slaveStickOutFaces List<label> 
948
(
294918
294919
294923
294930
294931
294952
294960
294961
294966
294973
294974
270402
270403
270407
295003
295010
295011
295021
295022
368856
368858
155904
155905
1294599
1294600
1294601
1294602
1294603
1294604
278880
156000
278881
156001
156002
278883
156004
156005
156007
156008
369010
369011
369015
369044
369045
369046
369050
369090
369091
369095
279047
279049
1294887
1294888
1294889
1294890
1294891
1294892
156365
156367
1295156
1295157
1295158
1295159
1295160
156497
156499
156681
156683
99370
99373
99374
377944
377950
377958
377959
377964
99505
99506
99509
99511
279946
279948
107918
107919
108149
108151
370308
370309
370310
370318
370319
370327
370328
370330
370343
370344
370386
370425
370514
370516
272233
272236
272269
272272
370613
370614
370616
370641
370642
370644
370683
370684
370686
281033
281035
133949
133950
133951
289611
289613
289614
289615
289616
289617
289619
289620
289621
289622
289624
289625
289626
289627
289629
289630
191338
191339
191340
191347
191348
289653
289654
191351
289656
289657
289658
289660
289661
289662
191358
191359
289664
289665
289666
289667
289669
191374
191381
191382
134047
134048
134049
191399
191400
289710
289712
118001
290270
290271
290272
290274
290275
290277
290278
372204
372205
290300
290301
290303
290304
290305
290306
290308
290309
290310
290312
290334
290335
290337
290338
290339
290340
290342
290343
290344
290346
290368
290369
290371
290372
290373
290374
290376
290377
290378
290380
118374
118375
118377
290410
290411
290412
290433
290435
290436
290442
290443
290445
290446
290463
290464
290465
290467
290468
290469
290471
290472
290473
290474
290476
290477
290494
290495
290496
290498
290499
290500
290502
290503
290504
290505
290507
290508
290526
290527
290528
290530
290531
290532
290534
290535
290536
290537
290539
290540
290568
290570
290571
290572
290574
290575
290577
290602
290603
290605
290606
290608
372537
372538
372540
372541
372542
290627
290629
290630
290631
290633
372554
290634
372555
372556
290636
102220
102223
102224
372562
372563
372572
372573
372575
290655
372576
372577
290657
290658
290659
290661
290662
290663
372585
290665
290686
290688
290689
290690
290692
290693
290694
290696
290717
290718
290720
372665
290753
372751
372831
372901
372902
291100
291101
291107
291108
291109
291113
373037
373039
291121
291122
291123
291130
291131
291132
291139
291140
119114
119115
291148
119116
291149
291150
291157
291158
291159
291166
291167
291175
102759
291176
291177
102761
102762
102764
291184
291185
291186
291193
291194
373169
373171
291302
291303
291309
291310
291311
291317
291318
291326
291327
291333
291334
291335
291341
291342
291350
291351
291357
291358
291359
291365
291366
291374
291375
291376
291383
291384
291385
291392
291393
291406
373350
373352
291449
291450
291453
291454
291461
291463
291468
291469
291472
291489
291491
291497
291498
291501
291519
291521
291523
291524
291538
103122
103125
103127
291587
291588
291594
119563
291595
119565
291607
291609
291610
291614
291689
291694
291695
291696
291699
291704
291705
144252
144253
291711
291712
144256
291721
291726
291727
291731
144297
144298
144300
144302
144303
275382
275383
275385
144337
144338
144340
144341
291806
291811
291812
185316
291813
136166
291816
136169
136171
291821
291822
291828
291829
291838
291843
291844
291848
136202
136203
136206
136208
185368
185370
185371
185375
185381
185386
185387
185388
185391
185395
185397
185399
185400
136248
136249
136253
291917
291922
291923
291924
291927
291932
291933
291939
275555
275556
291940
275558
291949
291950
382065
291954
291955
291958
144502
291959
144503
382073
144505
382074
291966
291967
291968
291969
382084
291973
382085
291974
291975
291980
291982
291983
144530
144531
144533
144572
144573
144575
292045
292046
292047
292048
292054
292055
292057
292058
292067
292069
292070
292071
292074
292077
292078
292079
292080
292085
292086
292087
292090
292099
292100
292102
292103
292170
292171
292173
292174
292177
292178
275795
275796
275798
292187
292189
292190
292191
292194
292203
292205
292206
292207
292210
292219
292220
292222
292223
185754
185755
185758
185764
185765
185766
292290
292291
292293
292294
292297
292298
292307
292309
292310
292311
292314
292323
292325
292326
292327
292330
292339
292340
292342
292343
103937
103938
292407
292408
292410
292411
292414
292415
292424
292426
292427
292428
292431
292440
292442
292443
292444
292447
292456
292457
292459
292460
292469
292470
292471
292474
292475
292476
292482
292486
292487
292489
292495
292496
292497
292502
292505
292512
292516
292518
292520
104124
104125
104127
292588
292589
292594
292597
292598
292600
292605
292606
292611
292619
292624
292625
292629
292701
292705
292706
292708
292713
292714
292719
292727
292732
292733
292737
292809
292813
292814
292816
292821
292822
292827
292835
292836
292842
292843
292848
1292288
1292289
1292290
1292291
1292292
1292293
1292294
1292295
1292296
1292297
1292298
1292299
1292300
292920
292924
292925
292927
292932
292933
292938
292946
292947
292948
292953
292954
292958
292959
186466
186467
292965
186469
292967
292968
292972
292980
1292583
1292584
1292585
1292586
1292587
268588
1292588
268590
268592
268594
268621
268622
268624
268627
268669
268670
268672
268675
186847
186848
186891
186892
186929
186930
186931
186933
186935
1292871
1292872
1292873
1292874
1292875
1292876
186972
186974
187049
187050
187051
129707
187052
129709
187053
129710
187054
187055
129712
187056
129713
187057
187058
129714
129717
187063
129719
187064
129720
129721
129723
129726
187108
187109
187110
187111
187112
187113
187118
187119
187120
187123
187131
187132
187192
187193
1293159
1293160
1293161
1293162
1293163
1293164
187244
187245
187246
187247
187248
187254
187255
187256
187259
187260
187267
187268
187273
187274
187275
187279
187280
187283
187308
187309
187310
187317
187318
187325
187328
187337
187384
187427
187429
187430
187434
187440
187444
187445
187447
187450
187451
187452
187453
367681
187457
367682
187458
367684
367687
187465
269386
269388
269389
187469
269390
187470
269392
187472
269394
269395
187476
187477
269398
187478
187479
187480
187481
187486
187487
187491
187492
187493
187494
187495
187499
277616
277617
367736
367737
367739
367742
367743
367744
367745
367749
367750
1293447
1293448
367752
1293449
367754
1293450
277643
1293451
367756
1293452
277644
97640
97641
97644
97646
122376
155146
155147
269874
269877
269879
368202
269912
269915
269917
286394
1294017
1294018
1294019
1294020
1294021
1294022
1294023
1294024
1294025
1294026
1294027
1294028
270134
270135
270139
286526
368457
130889
368458
368459
368461
368462
368463
368464
368466
368467
368468
368469
368470
368504
368507
368540
368541
368570
368571
1294311
1294312
1294313
1294314
1294315
1294316
294909
294911
)
;
    retiredPointMap 
249
(
475476 70116
475477 60853
475478 70536
475479 6830
475480 70395
475481 70541
475482 70543
475483 70544
475484 70347
475485 70442
475486 70398
475487 108257
475488 107463
475489 108265
475490 107588
475491 108275
475492 108278
475493 108279
475494 107579
475495 108286
475496 108290
475497 108305
475498 107464
475499 107313
475500 96497
475501 107878
475502 107270
475503 107859
475504 107883
475505 107865
475506 107871
475507 107877
475508 96498
475509 52690
475510 70115
475511 6685
475512 6688
475513 70117
475514 6585
475515 70118
475516 52727
475517 60920
475518 55542
475519 60858
475520 6693
475521 60852
475522 70396
475523 6829
475524 70394
475525 70537
475526 70538
475527 70406
475528 70539
475529 70540
475530 70542
475531 6835
475532 6837
475533 70545
475534 6817
475535 6820
475536 70397
475537 70134
475538 6833
475539 6832
475540 70434
475541 70346
475542 70436
475543 70323
475544 70450
475545 70449
475546 6836
475547 70452
475548 108258
475549 108259
475550 107449
475551 107114
475552 108260
475553 107578
475554 107118
475555 108261
475556 107594
475557 108262
475558 107481
475559 107115
475560 107582
475561 108263
475562 107583
475563 107119
475564 107603
475565 108264
475566 107599
475567 107477
475568 107116
475569 107587
475570 108266
475571 107120
475572 107608
475573 108267
475574 107604
475575 108268
475576 107472
475577 107117
475578 107590
475579 108269
475580 107593
475581 107121
475582 107610
475583 108270
475584 107609
475585 108271
475586 107576
475587 108272
475588 107574
475589 108273
475590 107597
475591 108274
475592 107596
475593 108276
475594 108277
475595 107469
475596 107581
475597 108280
475598 108281
475599 108282
475600 107602
475601 108283
475602 107601
475603 108284
475604 108285
475605 107468
475606 108287
475607 108288
475608 107586
475609 108289
475610 107584
475611 108291
475612 107607
475613 108292
475614 107606
475615 108293
475616 108294
475617 108295
475618 107467
475619 108296
475620 108297
475621 107592
475622 108298
475623 107589
475624 108299
475625 108300
475626 107613
475627 108301
475628 107612
475629 108302
475630 108303
475631 108304
475632 107466
475633 108306
475634 108307
475635 108308
475636 107857
475637 107312
475638 107271
475639 107881
475640 107723
475641 107741
475642 107314
475643 107750
475644 107229
475645 107264
475646 107860
475647 107863
475648 107265
475649 107272
475650 107884
475651 107316
475652 107722
475653 107222
475654 107733
475655 107317
475656 107747
475657 107228
475658 107266
475659 107866
475660 107318
475661 107273
475662 107887
475663 107319
475664 107717
475665 107221
475666 107725
475667 107320
475668 107739
475669 107226
475670 107268
475671 107872
475672 107321
475673 107875
475674 107269
475675 107274
475676 107890
475677 107322
475678 107712
475679 107220
475680 96488
475681 96489
475682 107731
475683 107224
475684 107230
475685 107753
475686 96494
475687 96509
475688 96503
475689 107704
475690 107219
475691 107749
475692 107862
475693 107880
475694 107721
475695 107718
475696 107746
475697 107716
475698 107713
475699 107738
475700 107874
475701 107886
475702 107711
475703 107707
475704 107730
475705 107889
475706 107703
475707 107697
475708 107752
475709 96452
475710 96455
475711 96490
475712 96467
475713 96495
475714 96501
475715 134781
475716 132667
475717 134782
475718 134783
475719 134784
475720 133190
461633 52694
461636 70400
461764 107598
462820 107577
);
    cutPointEdgePairMap 
831
(
475721 ((461633 461646) (52690 70115))
475722 ((461618 461631) (6688 70116))
475723 ((461618 461631) (6685 6688))
475724 ((461619 461632) (6685 6688))
475725 ((461780 461786) (461785 70117))
475726 ((461780 461786) (70117 6585))
475727 ((461779 461785) (6585 461784))
475728 ((461643 461630) (70118 461787))
475729 ((461633 461646) (52727 60920))
475730 ((461632 461645) (60858 70115))
475731 ((461631 461644) (60920 55542))
475732 ((461632 461645) (60920 55542))
475733 ((461631 461644) (55542 60858))
475734 ((461630 461617) (6693 60853))
475735 ((461775 461781) (6693 60853))
475736 ((461630 461617) (6688 6693))
475737 ((461775 461781) (6688 6693))
475738 ((461632 461645) (60920 70116))
475739 ((461781 461787) (60852 70117))
475740 ((461781 461787) (461786 60852))
475741 ((461781 461787) (60853 70117))
475742 ((461643 461630) (60852 55542))
475743 ((461780 461786) (6693 6585))
475744 ((461781 461780) (6693 6585))
475745 ((461631 461644) (60858 70118))
475746 ((461643 461630) (60852 70118))
475747 ((462946 462951) (70396 462952))
475748 ((462946 462951) (70536 70396))
475749 ((461627 461640) (6829 70394))
475750 ((461628 461641) (6829 70394))
475751 ((461629 461642) (70394 70537))
475752 ((461629 461642) (70537 6830))
475753 ((461627 461640) (6830 6829))
475754 ((461642 461655) (462949 70538))
475755 ((461638 461651) (70406 70539))
475756 ((462945 462950) (70396 70540))
475757 ((462945 462950) (70540 462951))
475758 ((461626 461639) (6829 70395))
475759 ((461628 461641) (70541 70394))
475760 ((461639 461652) (70542 70406))
475761 ((461625 461638) (6829 6835))
475762 ((461626 461639) (6829 6835))
475763 ((461620 461633) (6837 6685))
475764 ((461621 461634) (6837 6685))
475765 ((461634 461647) (70545 52690))
475766 ((462948 462953) (6817 70536))
475767 ((462946 462945) (70397 70536))
475768 ((462946 462951) (70397 70536))
475769 ((462941 462946) (6820 70397))
475770 ((462942 462947) (6817 6820))
475771 ((462948 462947) (6817 6820))
475772 ((462948 462953) (6817 6820))
475773 ((462940 462945) (70397 70134))
475774 ((462945 462944) (70134 70396))
475775 ((462945 462950) (70134 70396))
475776 ((462939 462944) (70397 70537))
475777 ((462940 462945) (70397 70537))
475778 ((462939 462944) (70394 70134))
475779 ((461629 461642) (70394 70134))
475780 ((462939 462944) (6833 70537))
475781 ((462940 462945) (6833 70537))
475782 ((462941 462946) (6820 6833))
475783 ((461615 461628) (6832 6830))
475784 ((462940 462939) (6833 6832))
475785 ((462940 462945) (6833 6832))
475786 ((461616 461629) (6833 6832))
475787 ((462934 462939) (6833 6832))
475788 ((461642 461655) (70434 70538))
475789 ((462944 462949) (462950 70434))
475790 ((461641 461654) (70436 70538))
475791 ((461642 461655) (70434 70346))
475792 ((461641 461654) (70346 70436))
475793 ((461638 461651) (70323 70450))
475794 ((461637 461650) (70442 70539))
475795 ((461637 461650) (70450 70347))
475796 ((462944 462949) (70398 70540))
475797 ((462939 462944) (70134 70398))
475798 ((461629 461642) (70134 70398))
475799 ((462944 462949) (70434 70540))
475800 ((461640 461653) (70449 70541))
475801 ((461639 461652) (70323 70449))
475802 ((461640 461653) (70449 70346))
475803 ((461641 461654) (70449 70346))
475804 ((461640 461653) (70436 70542))
475805 ((461624 461637) (6835 6836))
475806 ((461623 461636) (6835 6836))
475807 ((461634 461647) (52727 70452))
475808 ((461635 461648) (70452 70347))
475809 ((461622 461635) (6836 6837))
475810 ((461635 461648) (70442 70545))
475811 ((461625 461638) (108257 6835))
475812 ((461619 461632) (6685 107463))
475813 ((461630 461617) (107463 108258))
475814 ((461630 461617) (108258 6688))
475815 ((462834 462840) (108259 107449))
475816 ((462930 462929) (107578 107114))
475817 ((462930 462935) (107578 107114))
475818 ((462931 462936) (107578 107114))
475819 ((462937 462936) (107578 107114))
475820 ((462924 462929) (107578 107114))
475821 ((462937 462942) (107114 107577))
475822 ((462938 462943) (107114 107577))
475823 ((462927 462932) (107577 108260))
475824 ((462933 462932) (107577 108260))
475825 ((462933 462938) (107577 108260))
475826 ((462925 462930) (108260 107578))
475827 ((462926 462931) (108260 107578))
475828 ((462924 462929) (108260 107578))
475829 ((461771 461770) (107594 107118))
475830 ((461765 461771) (107594 107118))
475831 ((461766 461772) (107594 107118))
475832 ((461765 461771) (107118 107598))
475833 ((461766 461772) (107118 107598))
475834 ((461907 461906) (107598 108261))
475835 ((461901 461907) (107598 108261))
475836 ((461776 461770) (108261 107594))
475837 ((461907 461913) (108261 107594))
475838 ((462701 462707) (108262 107481))
475839 ((462684 462683) (107583 107115))
475840 ((462678 462684) (107583 107115))
475841 ((462679 462678) (107583 107115))
475842 ((462684 462690) (107115 107582))
475843 ((462685 462691) (107115 107582))
475844 ((462686 462692) (107582 108263))
475845 ((462687 462686) (107582 108263))
475846 ((462681 462687) (107582 108263))
475847 ((462544 462681) (107582 108263))
475848 ((462544 462538) (107582 108263))
475849 ((462673 462679) (108263 107583))
475850 ((462674 462680) (108263 107583))
475851 ((462675 462681) (108263 107583))
475852 ((462544 462538) (108263 107583))
475853 ((462033 462032) (107599 107119))
475854 ((462033 462039) (107599 107119))
475855 ((461902 462039) (107599 107119))
475856 ((462025 462031) (107119 107603))
475857 ((462026 462032) (107119 107603))
475858 ((462031 462030) (107603 108264))
475859 ((462031 462037) (107603 108264))
475860 ((462038 462037) (107603 108264))
475861 ((462038 462044) (108264 107599))
475862 ((462039 462045) (108264 107599))
475863 ((462705 462711) (108265 107477))
475864 ((462389 462401) (107588 107116))
475865 ((462400 462388) (107588 107116))
475866 ((462561 462560) (107588 107116))
475867 ((462555 462561) (107588 107116))
475868 ((462412 462400) (107116 107587))
475869 ((462561 462567) (107116 107587))
475870 ((462401 462413) (107587 108266))
475871 ((462402 462414) (107587 108266))
475872 ((462403 462415) (107587 108266))
475873 ((462403 462402) (108266 107588))
475874 ((462403 462415) (108266 107588))
475875 ((462162 462168) (107604 107120))
475876 ((462163 462169) (107604 107120))
475877 ((462170 462169) (107604 107120))
475878 ((462170 462176) (107604 107120))
475879 ((462161 462167) (107120 107608))
475880 ((462166 462160) (107120 107608))
475881 ((462161 462167) (107608 108267))
475882 ((462166 462160) (107608 108267))
475883 ((462162 462168) (107608 108267))
475884 ((462169 462168) (107608 108267))
475885 ((462169 462175) (108267 107604))
475886 ((462170 462176) (108267 107604))
475887 ((462571 462577) (107472 462576))
475888 ((462572 462578) (462577 108268))
475889 ((462572 462578) (108268 107472))
475890 ((462416 462428) (107593 107117))
475891 ((462415 462427) (107593 107117))
475892 ((462428 462427) (107117 107590))
475893 ((462415 462427) (107117 107590))
475894 ((462428 462440) (107590 108269))
475895 ((462429 462428) (108269 107593))
475896 ((462422 462434) (107609 107121))
475897 ((462433 462432) (107121 107610))
475898 ((462421 462433) (107121 107610))
475899 ((462433 462445) (107610 108270))
475900 ((462434 462446) (107610 108270))
475901 ((462435 462434) (108270 107609))
475902 ((462833 462839) (107449 108271))
475903 ((462935 462940) (107114 107576))
475904 ((462936 462941) (107114 107576))
475905 ((462937 462942) (107574 107114))
475906 ((462938 462943) (107574 107114))
475907 ((462826 462943) (107574 107114))
475908 ((462935 462940) (107576 108272))
475909 ((462936 462941) (107576 108272))
475910 ((462942 462941) (107576 108272))
475911 ((462942 462947) (108272 107574))
475912 ((462943 462948) (108272 107574))
475913 ((461601 461614) (107578 108273))
475914 ((461602 461601) (107578 108273))
475915 ((461589 461602) (107578 108273))
475916 ((461590 461603) (107578 108273))
475917 ((462935 462934) (108273 107576))
475918 ((461601 461614) (108273 107576))
475919 ((461602 461615) (108273 107576))
475920 ((461603 461616) (108273 107576))
475921 ((462929 462934) (108273 107576))
475922 ((461767 461773) (107118 107597))
475923 ((461768 461774) (107118 107597))
475924 ((461767 461766) (107596 107118))
475925 ((461761 461767) (107596 107118))
475926 ((461762 461768) (107596 107118))
475927 ((461763 461762) (107596 107118))
475928 ((461757 461763) (107596 107118))
475929 ((461592 461605) (107597 108274))
475930 ((461604 461591) (107597 108274))
475931 ((461769 461768) (107597 108274))
475932 ((461763 461769) (107597 108274))
475933 ((461592 461591) (108274 107596))
475934 ((461591 461578) (108274 107596))
475935 ((461592 461605) (108274 107596))
475936 ((461621 461634) (6837 108275))
475937 ((461771 461777) (107594 108276))
475938 ((461772 461778) (107594 108276))
475939 ((461773 461772) (108276 107597))
475940 ((461767 461773) (108276 107597))
475941 ((461768 461774) (108276 107597))
475942 ((461913 461919) (108277 107469))
475943 ((461779 461785) (6585 108278))
475944 ((462706 462700) (107481 108279))
475945 ((462683 462689) (107115 107581))
475946 ((462688 462682) (107115 107581))
475947 ((462819 462825) (107115 107581))
475948 ((462689 462695) (107579 107115))
475949 ((462690 462689) (107579 107115))
475950 ((462825 462824) (107581 108280))
475951 ((462831 462830) (107581 108280))
475952 ((462831 462837) (108280 107579))
475953 ((462827 462833) (107574 108281))
475954 ((462832 462826) (107574 108281))
475955 ((462821 462827) (108281 107577))
475956 ((462828 462827) (108281 107577))
475957 ((462671 462677) (107583 108282))
475958 ((462676 462670) (107583 108282))
475959 ((462672 462678) (107583 108282))
475960 ((462807 462813) (107583 108282))
475961 ((462813 462812) (108282 107581))
475962 ((462819 462818) (108282 107581))
475963 ((462027 462033) (107119 107602))
475964 ((461891 461897) (107119 107602))
475965 ((461896 461890) (107119 107602))
475966 ((462020 462019) (107601 107119))
475967 ((462020 462026) (107601 107119))
475968 ((462027 462026) (107601 107119))
475969 ((461886 461885) (107602 108283))
475970 ((461892 461891) (107602 108283))
475971 ((462014 462020) (108283 107601))
475972 ((462015 462021) (108283 107601))
475973 ((461879 461885) (108283 107601))
475974 ((461884 461878) (108283 107601))
475975 ((461755 461761) (107596 108284))
475976 ((461756 461762) (107596 108284))
475977 ((461757 461763) (107596 108284))
475978 ((461759 461765) (108284 107598))
475979 ((461760 461759) (108284 107598))
475980 ((461754 461760) (108284 107598))
475981 ((461903 461909) (107599 108285))
475982 ((461908 461902) (107599 108285))
475983 ((461898 461897) (108285 107602))
475984 ((461904 461903) (108285 107602))
475985 ((461914 461908) (108286 107468))
475986 ((461912 461918) (107469 108287))
475987 ((462704 462710) (107477 108288))
475988 ((462560 462566) (107116 107586))
475989 ((462559 462565) (107584 107116))
475990 ((462560 462566) (107584 107116))
475991 ((462563 462562) (107586 108289))
475992 ((462557 462563) (107586 108289))
475993 ((462558 462564) (107586 108289))
475994 ((462559 462558) (107586 108289))
475995 ((462563 462569) (108289 107584))
475996 ((462691 462697) (108290 107582))
475997 ((462692 462691) (108290 107582))
475998 ((462388 462376) (107588 108291))
475999 ((462553 462559) (108291 107586))
476000 ((462554 462560) (108291 107586))
476001 ((462555 462554) (108291 107586))
476002 ((462549 462555) (108291 107586))
476003 ((462157 462163) (107120 107607))
476004 ((462155 462161) (107606 107120))
476005 ((462160 462154) (107606 107120))
476006 ((462162 462161) (107606 107120))
476007 ((462398 462410) (107606 107120))
476008 ((462399 462411) (107606 107120))
476009 ((462149 462155) (107607 108292))
476010 ((462154 462148) (107607 108292))
476011 ((462156 462155) (107607 108292))
476012 ((462156 462162) (107607 108292))
476013 ((462157 462163) (107607 108292))
476014 ((462399 462398) (108292 107606))
476015 ((462387 462399) (108292 107606))
476016 ((462398 462410) (108292 107606))
476017 ((462013 462019) (107601 108293))
476018 ((462011 462017) (107601 108293))
476019 ((462016 462010) (107601 108293))
476020 ((462012 462018) (107601 108293))
476021 ((462017 462023) (108293 107603))
476022 ((462024 462023) (108293 107603))
476023 ((462024 462030) (108293 107603))
476024 ((462171 462177) (107604 108294))
476025 ((462164 462163) (108294 107607))
476026 ((462164 462170) (108294 107607))
476027 ((462165 462171) (108294 107607))
476028 ((462034 462171) (108294 107607))
476029 ((462042 462048) (108295 107467))
476030 ((462045 462051) (107468 108296))
476031 ((462571 462577) (107472 108297))
476032 ((462570 462576) (108297 462575))
476033 ((462414 462426) (107589 107117))
476034 ((462413 462425) (107592 108298))
476035 ((462414 462426) (107592 108298))
476036 ((462413 462425) (108298 107589))
476037 ((462564 462570) (107584 108299))
476038 ((462565 462571) (107584 108299))
476039 ((462412 462400) (108299 107587))
476040 ((462566 462565) (108299 107587))
476041 ((462560 462566) (108299 107587))
476042 ((462561 462567) (108299 107587))
476043 ((462416 462428) (108300 107592))
476044 ((462415 462427) (108300 107592))
476045 ((462420 462432) (107612 107121))
476046 ((462421 462433) (107612 107121))
476047 ((462420 462432) (107613 108301))
476048 ((462421 462433) (107613 108301))
476049 ((462409 462421) (107606 108302))
476050 ((462410 462409) (107606 108302))
476051 ((462411 462423) (108302 107608))
476052 ((462409 462421) (108302 107608))
476053 ((462410 462422) (108302 107608))
476054 ((462423 462435) (107609 108303))
476055 ((462423 462435) (108303 107613))
476056 ((462422 462434) (108303 107613))
476057 ((462175 462181) (107466 462182))
476058 ((462176 462182) (462183 108304))
476059 ((462175 462181) (108304 107466))
476060 ((462041 462047) (107467 108305))
476061 ((462426 462425) (107589 108306))
476062 ((462426 462438) (108306 107590))
476063 ((462427 462439) (108306 107590))
476064 ((462432 462431) (107612 108307))
476065 ((462432 462444) (108307 107610))
476066 ((462174 462180) (107466 108308))
476067 ((462174 462180) (108308 462181))
476068 ((461613 461626) (6832 107857))
476069 ((461614 461627) (6832 107857))
476070 ((461615 461628) (6832 107857))
476071 ((461611 461624) (107857 107312))
476072 ((461612 461625) (107857 107312))
476073 ((461610 461623) (107857 107312))
476074 ((461774 461780) (107881 108258))
476075 ((461775 461781) (107881 108258))
476076 ((461605 461618) (107463 107271))
476077 ((461617 461604) (107271 107881))
476078 ((461774 461780) (107271 107881))
476079 ((461775 461774) (107271 107881))
476080 ((461769 461775) (107271 107881))
476081 ((461774 461780) (107723 108258))
476082 ((461775 461781) (107723 108258))
476083 ((461773 461779) (107881 107313))
476084 ((461773 461779) (107313 107723))
476085 ((461774 461780) (107723 6693))
476086 ((462835 462841) (107741 108259))
476087 ((462835 462834) (107750 108259))
476088 ((462836 462835) (107741 107314))
476089 ((462829 462835) (107314 107750))
476090 ((462833 462832) (107229 107449))
476091 ((462833 462839) (107229 107449))
476092 ((462827 462833) (107750 107229))
476093 ((462828 462834) (107750 107229))
476094 ((462927 462932) (107860 108260))
476095 ((462928 462933) (107860 108260))
476096 ((462815 462821) (107577 107264))
476097 ((462816 462822) (107577 107264))
476098 ((462809 462808) (107264 107860))
476099 ((462809 462815) (107264 107860))
476100 ((462816 462815) (107264 107860))
476101 ((462816 462822) (107264 107860))
476102 ((462914 461564) (107863 108260))
476103 ((462914 462919) (107863 108260))
476104 ((462915 462920) (107863 108260))
476105 ((462921 462920) (107863 108260))
476106 ((462921 462926) (107863 108260))
476107 ((462927 462926) (107863 108260))
476108 ((462803 462802) (107860 107315))
476109 ((462802 462796) (107860 107315))
476110 ((462908 462907) (107860 107315))
476111 ((462913 462912) (107860 107315))
476112 ((462913 462918) (107860 107315))
476113 ((462796 462918) (107860 107315))
476114 ((462902 462903) (107860 107315))
476115 ((461514 461527) (107315 107863))
476116 ((461526 461513) (107315 107863))
476117 ((461529 461542) (107315 107863))
476118 ((461584 461597) (107265 107578))
476119 ((461585 461598) (107265 107578))
476120 ((461586 461599) (107265 107578))
476121 ((461587 461600) (107265 107578))
476122 ((461588 461601) (107265 107578))
476123 ((461589 461602) (107265 107578))
476124 ((461590 461603) (107265 107578))
476125 ((461571 461570) (107863 107265))
476126 ((461584 461583) (107863 107265))
476127 ((461905 461911) (107884 108261))
476128 ((461906 461912) (107884 108261))
476129 ((461894 461900) (107598 107272))
476130 ((461895 461901) (107598 107272))
476131 ((461905 461904) (107272 107884))
476132 ((461899 461905) (107272 107884))
476133 ((461900 461899) (107272 107884))
476134 ((461906 461912) (107722 108261))
476135 ((461905 461911) (107316 107722))
476136 ((461776 461770) (107222 107594))
476137 ((461906 461912) (107722 107222))
476138 ((461907 461913) (107722 107222))
476139 ((462702 462708) (107733 108262))
476140 ((462702 462701) (107747 108262))
476141 ((462703 462709) (107733 107317))
476142 ((462704 462703) (107733 107317))
476143 ((462696 462702) (107317 107747))
476144 ((462697 462703) (107317 107747))
476145 ((462701 462700) (107228 107481))
476146 ((462695 462701) (107747 107228))
476147 ((462539 462545) (107866 108263))
476148 ((462540 462546) (107866 108263))
476149 ((462547 462546) (107866 108263))
476150 ((462547 462553) (107866 108263))
476151 ((462556 462550) (107582 107266))
476152 ((462686 462692) (107582 107266))
476153 ((462687 462693) (107582 107266))
476154 ((462551 462557) (107266 107866))
476155 ((462552 462551) (107266 107866))
476156 ((462546 462552) (107266 107866))
476157 ((462547 462553) (107266 107866))
476158 ((462534 462540) (107869 108263))
476159 ((462518 462519) (107869 108263))
476160 ((462535 462534) (107869 108263))
476161 ((462524 462523) (107869 108263))
476162 ((462518 462524) (107869 108263))
476163 ((462364 462543) (107866 107318))
476164 ((462353 462365) (107866 107318))
476165 ((462364 462352) (107866 107318))
476166 ((462354 462366) (107866 107318))
476167 ((462355 462367) (107866 107318))
476168 ((462356 462368) (107866 107318))
476169 ((462357 462369) (107866 107318))
476170 ((462548 462547) (107866 107318))
476171 ((462542 462548) (107866 107318))
476172 ((462543 462549) (107866 107318))
476173 ((462519 462316) (107318 107869))
476174 ((462317 462329) (107318 107869))
476175 ((462328 462316) (107318 107869))
476176 ((462318 462330) (107318 107869))
476177 ((462332 462344) (107318 107869))
476178 ((462345 462344) (107318 107869))
476179 ((462345 462357) (107318 107869))
476180 ((462358 462357) (107318 107869))
476181 ((462673 462672) (107267 107583))
476182 ((462667 462673) (107267 107583))
476183 ((462662 462661) (107267 107583))
476184 ((462668 462667) (107267 107583))
476185 ((462650 462651) (107267 107583))
476186 ((462036 462042) (107887 108264))
476187 ((462037 462043) (107887 108264))
476188 ((462023 462029) (107603 107273))
476189 ((462028 462022) (107603 107273))
476190 ((462024 462030) (107603 107273))
476191 ((462029 462028) (107273 107887))
476192 ((462028 462022) (107273 107887))
476193 ((462029 462035) (107273 107887))
476194 ((462036 462035) (107273 107887))
476195 ((462038 462044) (107717 108264))
476196 ((462036 462042) (107887 107319))
476197 ((462037 462043) (107319 107717))
476198 ((462038 462044) (107319 107717))
476199 ((462039 462045) (107717 107221))
476200 ((462569 462575) (107725 108265))
476201 ((462569 462575) (462574 107725))
476202 ((462569 462575) (107739 108265))
476203 ((462570 462569) (107739 108265))
476204 ((462570 462576) (107725 107320))
476205 ((462571 462570) (107725 107320))
476206 ((462564 462570) (107320 107739))
476207 ((462568 462562) (107226 107477))
476208 ((462705 462711) (107226 107477))
476209 ((462568 462705) (107226 107477))
476210 ((462563 462569) (107739 107226))
476211 ((462401 462413) (107587 107268))
476212 ((462402 462414) (107268 107872))
476213 ((462403 462415) (107268 107872))
476214 ((462404 462416) (107875 108266))
476215 ((462405 462417) (107875 108266))
476216 ((462404 462416) (107872 107321))
476217 ((462405 462417) (107872 107321))
476218 ((462392 462404) (107269 107588))
476219 ((462393 462405) (107269 107588))
476220 ((462391 462403) (107269 107588))
476221 ((462406 462405) (107875 107269))
476222 ((462167 462173) (107890 108267))
476223 ((462168 462174) (107890 108267))
476224 ((462411 462423) (107608 107274))
476225 ((462411 462423) (107274 107890))
476226 ((462167 462166) (107274 107890))
476227 ((462166 462160) (107274 107890))
476228 ((462169 462175) (107712 108267))
476229 ((462170 462176) (107712 108267))
476230 ((462169 462175) (107890 107322))
476231 ((462167 462173) (107890 107322))
476232 ((462168 462174) (107890 107322))
476233 ((462170 462176) (107322 107712))
476234 ((462171 462177) (107220 107604))
476235 ((462171 462177) (107712 107220))
476236 ((462573 462579) (96488 108268))
476237 ((462573 462579) (462578 96488))
476238 ((462573 462579) (107731 108268))
476239 ((462436 462424) (107731 108268))
476240 ((462425 462437) (96489 107731))
476241 ((462425 462437) (96488 96489))
476242 ((462436 462424) (96488 96489))
476243 ((462573 462579) (107224 107472))
476244 ((462424 462573) (107224 107472))
476245 ((462572 462578) (107224 107472))
476246 ((462425 462424) (107731 107224))
476247 ((462424 462412) (107731 107224))
476248 ((462428 462440) (107230 107753))
476249 ((462429 462441) (107878 108269))
476250 ((462429 462441) (107753 96497))
476251 ((462417 462429) (107270 107593))
476252 ((462434 462446) (96509 108270))
476253 ((462433 462445) (96494 96509))
476254 ((462435 462447) (107704 108270))
476255 ((462435 462447) (96503 107704))
476256 ((462434 462446) (96509 96503))
476257 ((462423 462435) (107219 107609))
476258 ((462172 462166) (107219 107609))
476259 ((462172 462435) (107704 107219))
476260 ((462172 462166) (107704 107219))
476261 ((462838 462832) (107749 108271))
476262 ((462832 462948) (107749 108271))
476263 ((462832 462826) (107229 107749))
476264 ((462838 462832) (6817 108271))
476265 ((462942 462947) (107749 6820))
476266 ((462943 462948) (107749 6820))
476267 ((462941 462946) (6833 108272))
476268 ((461616 461629) (107576 6832))
476269 ((462934 462939) (107576 6832))
476270 ((462942 462947) (107749 108272))
476271 ((462943 462948) (107749 108272))
476272 ((462832 462826) (107229 107574))
476273 ((461597 461610) (107862 108273))
476274 ((461598 461611) (107862 108273))
476275 ((461599 461612) (107862 108273))
476276 ((461600 461613) (107862 108273))
476277 ((461597 461596) (107265 107862))
476278 ((461613 461626) (107857 108273))
476279 ((461614 461613) (107857 108273))
476280 ((461610 461609) (107862 107312))
476281 ((461593 461606) (107880 108274))
476282 ((461607 461606) (107880 108274))
476283 ((461607 461620) (107880 108274))
476284 ((461605 461618) (107271 107880))
476285 ((461606 461619) (107271 107880))
476286 ((461607 461620) (107271 107880))
476287 ((461617 461604) (107597 107271))
476288 ((461769 461775) (107597 107271))
476289 ((461593 461606) (107862 108274))
476290 ((461594 461607) (107862 108274))
476291 ((461595 461608) (107862 108274))
476292 ((461596 461609) (107862 108274))
476293 ((461608 461621) (107880 107312))
476294 ((461609 461622) (107880 107312))
476295 ((461579 461592) (107265 107596))
476296 ((461591 461578) (107265 107596))
476297 ((461580 461593) (107265 107596))
476298 ((461581 461594) (107265 107596))
476299 ((461582 461595) (107265 107596))
476300 ((461583 461596) (107265 107596))
476301 ((461771 461777) (107721 108276))
476302 ((461772 461778) (107721 108276))
476303 ((461776 461770) (107222 107721))
476304 ((461773 461779) (107881 108276))
476305 ((461771 461777) (107721 107313))
476306 ((461782 461776) (107718 108277))
476307 ((461777 461776) (107721 108277))
476308 ((461782 461776) (107721 108277))
476309 ((461777 461783) (107718 107313))
476310 ((461778 461777) (107718 107313))
476311 ((461913 461919) (107222 107469))
476312 ((461776 461913) (107222 107469))
476313 ((461779 461785) (107723 108278))
476314 ((461780 461779) (107723 108278))
476315 ((461777 461783) (107718 108278))
476316 ((462837 462836) (107746 108279))
476317 ((462700 462694) (107228 107746))
476318 ((462831 462837) (107228 107746))
476319 ((462836 462842) (107741 108279))
476320 ((462830 462836) (107746 107314))
476321 ((462830 462836) (107859 108280))
476322 ((462823 462822) (107264 107859))
476323 ((462829 462828) (107264 107859))
476324 ((462817 462823) (107581 107264))
476325 ((462818 462824) (107581 107264))
476326 ((462828 462834) (107750 108281))
476327 ((462828 462834) (107859 108281))
476328 ((462789 462788) (107868 108282))
476329 ((462795 462794) (107868 108282))
476330 ((462801 462800) (107868 108282))
476331 ((462807 462806) (107868 108282))
476332 ((462803 462809) (107860 108282))
476333 ((462804 462810) (107860 108282))
476334 ((462805 462811) (107860 108282))
476335 ((462806 462812) (107860 108282))
476336 ((461880 461886) (107883 108283))
476337 ((461881 461887) (107883 108283))
476338 ((461882 461888) (107883 108283))
476339 ((461894 461900) (107272 107883))
476340 ((461895 461894) (107272 107883))
476341 ((461889 461895) (107272 107883))
476342 ((461892 461898) (107602 107272))
476343 ((461893 461899) (107602 107272))
476344 ((461862 461861) (107868 108283))
476345 ((461855 461856) (107868 108283))
476346 ((461868 461867) (107868 108283))
476347 ((461874 461873) (107868 108283))
476348 ((461880 461879) (107868 108283))
476349 ((461741 461740) (107883 107315))
476350 ((461746 461740) (107883 107315))
476351 ((461730 461729) (107883 107315))
476352 ((461723 461724) (107883 107315))
476353 ((461746 461883) (107883 107315))
476354 ((462001 462000) (107267 107601))
476355 ((462007 462006) (107267 107601))
476356 ((462007 462013) (107267 107601))
476357 ((462014 462013) (107267 107601))
476358 ((461987 461988) (107267 107601))
476359 ((461994 461993) (107267 107601))
476360 ((461994 462000) (107267 107601))
476361 ((461543 461556) (107863 108284))
476362 ((461755 461754) (107863 108284))
476363 ((461749 461755) (107863 108284))
476364 ((461750 461749) (107863 108284))
476365 ((461744 461750) (107863 108284))
476366 ((461745 461751) (107863 108284))
476367 ((461552 461745) (107863 108284))
476368 ((461754 461760) (107883 108284))
476369 ((461753 461759) (107883 108284))
476370 ((461758 461752) (107883 108284))
476371 ((461903 461909) (107221 107716))
476372 ((461908 461902) (107221 107716))
476373 ((461904 461910) (107884 108285))
476374 ((461904 461910) (107716 107316))
476375 ((461910 461916) (107713 108286))
476376 ((461910 461909) (107716 108286))
476377 ((461911 461910) (107713 107316))
476378 ((461908 462045) (107221 107468))
476379 ((461912 461911) (107722 108287))
476380 ((461911 461917) (107713 108287))
476381 ((462704 462710) (107738 108288))
476382 ((462705 462704) (107738 108288))
476383 ((462568 462562) (107226 107738))
476384 ((462699 462705) (107226 107738))
476385 ((462703 462709) (107733 108288))
476386 ((462698 462704) (107738 107317))
476387 ((462568 462562) (107865 108289))
476388 ((462699 462705) (107865 108289))
476389 ((462693 462699) (107266 107865))
476390 ((462556 462693) (107266 107865))
476391 ((462556 462550) (107266 107865))
476392 ((462551 462557) (107586 107266))
476393 ((462552 462558) (107586 107266))
476394 ((462568 462562) (107738 108289))
476395 ((462699 462705) (107738 108289))
476396 ((462698 462704) (107865 107317))
476397 ((462563 462569) (107226 107584))
476398 ((462696 462702) (107747 108290))
476399 ((462377 462389) (107874 108291))
476400 ((462388 462376) (107874 108291))
476401 ((462378 462390) (107874 108291))
476402 ((462379 462391) (107874 108291))
476403 ((462380 462392) (107874 108291))
476404 ((462381 462393) (107874 108291))
476405 ((462394 462393) (107269 107874))
476406 ((462548 462554) (107866 108291))
476407 ((462549 462555) (107866 108291))
476408 ((462370 462369) (107874 107318))
476409 ((462382 462381) (107874 107318))
476410 ((462149 462155) (107886 108292))
476411 ((462154 462148) (107886 108292))
476412 ((462151 462150) (107273 107886))
476413 ((462151 462157) (107273 107886))
476414 ((462152 462158) (107273 107886))
476415 ((462159 462158) (107273 107886))
476416 ((462159 462165) (107273 107886))
476417 ((462158 462164) (107607 107273))
476418 ((462159 462165) (107607 107273))
476419 ((462382 462394) (107874 108292))
476420 ((462383 462395) (107874 108292))
476421 ((462384 462396) (107874 108292))
476422 ((462385 462397) (107874 108292))
476423 ((462386 462398) (107874 108292))
476424 ((462387 462399) (107874 108292))
476425 ((462143 462142) (107886 107318))
476426 ((462142 462136) (107886 107318))
476427 ((462143 462149) (107886 107318))
476428 ((462144 462150) (107886 107318))
476429 ((462358 462370) (107886 107318))
476430 ((462359 462371) (107886 107318))
476431 ((462360 462372) (107886 107318))
476432 ((462361 462373) (107886 107318))
476433 ((462362 462374) (107886 107318))
476434 ((462363 462375) (107886 107318))
476435 ((462394 462406) (107269 107606))
476436 ((462395 462407) (107269 107606))
476437 ((462396 462408) (107269 107606))
476438 ((462397 462409) (107269 107606))
476439 ((462119 462120) (107869 108293))
476440 ((462120 462126) (107869 108293))
476441 ((462127 462126) (107869 108293))
476442 ((462140 462139) (107869 108293))
476443 ((462140 462146) (107869 108293))
476444 ((462147 462146) (107869 108293))
476445 ((462147 462153) (107869 108293))
476446 ((462146 462152) (107886 108293))
476447 ((462147 462153) (107886 108293))
476448 ((462145 462151) (107886 108293))
476449 ((462035 462041) (107711 108294))
476450 ((462040 462034) (107711 108294))
476451 ((462035 462041) (107220 107711))
476452 ((462040 462034) (107220 107711))
476453 ((462035 462041) (107887 108294))
476454 ((462040 462034) (107887 108294))
476455 ((462036 462042) (107711 107319))
476456 ((462043 462049) (107707 108295))
476457 ((462042 462048) (107711 108295))
476458 ((462042 462041) (107711 108295))
476459 ((462043 462042) (107707 107319))
476460 ((462043 462049) (107707 107319))
476461 ((462041 462040) (107220 107467))
476462 ((462040 462034) (107220 107467))
476463 ((462041 462047) (107220 107467))
476464 ((462045 462044) (107717 108296))
476465 ((462044 462050) (107707 108296))
476466 ((462571 462577) (107730 108297))
476467 ((462572 462571) (107730 108297))
476468 ((462566 462572) (107730 108297))
476469 ((462567 462573) (107224 107730))
476470 ((462570 462576) (107725 108297))
476471 ((462565 462571) (107730 107320))
476472 ((462566 462572) (107730 107320))
476473 ((462424 462412) (107871 108298))
476474 ((462412 462567) (107268 107871))
476475 ((462401 462413) (107268 107871))
476476 ((462412 462400) (107268 107871))
476477 ((462414 462413) (107592 107268))
476478 ((462414 462426) (107592 107268))
476479 ((462567 462573) (107730 108298))
476480 ((462424 462412) (107730 108298))
476481 ((462565 462571) (107871 107320))
476482 ((462566 462572) (107871 107320))
476483 ((462413 462425) (107224 107589))
476484 ((462424 462412) (107224 107589))
476485 ((462564 462570) (107739 108299))
476486 ((462565 462571) (107739 108299))
476487 ((462566 462572) (107871 108299))
476488 ((462417 462429) (107877 108300))
476489 ((462416 462415) (107872 108300))
476490 ((462416 462428) (107872 108300))
476491 ((462418 462417) (107877 107321))
476492 ((462420 462432) (107889 108301))
476493 ((462421 462420) (107889 108301))
476494 ((462409 462421) (107274 107889))
476495 ((462410 462422) (107274 107889))
476496 ((462423 462422) (107613 107274))
476497 ((462422 462434) (107613 107274))
476498 ((462419 462431) (107877 108301))
476499 ((462406 462418) (107889 107321))
476500 ((462407 462419) (107889 107321))
476501 ((462408 462420) (107889 107321))
476502 ((462419 462431) (107270 107612))
476503 ((462406 462418) (107875 108302))
476504 ((462407 462419) (107875 108302))
476505 ((462408 462420) (107875 108302))
476506 ((462167 462173) (107703 108303))
476507 ((462172 462166) (107703 108303))
476508 ((462167 462173) (107219 107703))
476509 ((462172 462166) (107890 108303))
476510 ((462169 462175) (107703 107322))
476511 ((462168 462174) (107703 107322))
476512 ((462176 462182) (107697 108304))
476513 ((462177 462183) (462046 107697))
476514 ((462175 462174) (107703 108304))
476515 ((462175 462181) (107703 108304))
476516 ((462168 462174) (107703 108304))
476517 ((462176 462175) (107697 107322))
476518 ((462176 462182) (107697 107322))
476519 ((462173 462172) (107219 107466))
476520 ((462173 462179) (107219 107466))
476521 ((462174 462180) (107219 107466))
476522 ((462177 462176) (107712 108305))
476523 ((462177 462183) (107712 108305))
476524 ((462177 462183) (107697 108305))
476525 ((462427 462439) (107230 107752))
476526 ((462427 462439) (96452 96455))
476527 ((462426 462438) (107752 96489))
476528 ((462426 462438) (96490 96452))
476529 ((462425 462437) (107731 108306))
476530 ((462426 462438) (107752 108306))
476531 ((462429 462441) (96467 96498))
476532 ((462428 462440) (96455 96467))
476533 ((462431 462443) (107878 108307))
476534 ((462431 462443) (96497 96495))
476535 ((462432 462444) (96495 96494))
476536 ((462173 462179) (107704 108308))
476537 ((462178 462172) (107704 108308))
476538 ((462173 462179) (96501 108308))
476539 ((462435 462447) (96503 96501))
476540 ((462178 462172) (96503 96501))
476541 ((462173 462179) (96501 462180))
476542 ((462436 462424) (134781 462579))
476543 ((462432 462444) (132667 134782))
476544 ((462433 462445) (134783 132667))
476545 ((462178 462172) (462179 134784))
476546 ((462425 462437) (96490 134781))
476547 ((462436 462424) (96488 134781))
476548 ((462431 462443) (96498 134782))
476549 ((462434 462446) (133190 134783))
476550 ((462178 462172) (96501 134784))
476551 ((462435 462447) (133190 134784))
);
}
)

// ************************************************************************* //
