/*--------------------------------*- C++ -*----------------------------------*\
| =========                 |                                                 |
| \\      /  F ield         | OpenFOAM: The Open Source CFD Toolbox           |
|  \\    /   O peration     | Version:  v1812                                 |
|   \\  /    A nd           | Web:      www.OpenFOAM.com                      |
|    \\/     M anipulation  |                                                 |
\*---------------------------------------------------------------------------*/
FoamFile
{
    version     2.0;
    format      ascii;
    class       regIOobject;
    location    "constant/polyMesh";
    object      faceZones;
}
// * * * * * * * * * * * * * * * * * * * * * * * * * * * * * * * * * * * * * //

12
(
i_backo_backMasterZone
{
    type faceZone;
faceLabels      List<label> 
2388
(
186
187
188
189
190
191
194
195
196
197
198
199
200
201
202
203
204
205
206
207
259
260
261
262
263
264
265
266
267
268
269
270
271
272
273
274
275
276
277
278
87790
87826
87827
87828
87829
87893
87985
87986
87987
87988
87989
87990
87991
87992
87993
87994
87995
87996
87997
87998
87999
88000
88177
88213
88214
88215
88216
88291
88292
88293
88294
88330
88331
88332
88333
88370
88371
88372
88373
88445
88476
88525
88526
88527
88611
88612
88613
88614
88676
88719
88771
88772
88773
89049
89050
89116
89117
89184
89185
89252
89253
89317
89318
89512
89534
89835
89857
90014
90219
90403
90657
90658
90659
90660
90950
90951
90953
91258
91491
91718
91732
91961
91974
92176
92189
92391
92404
94233
94234
94236
95016
95017
95018
95019
95677
95718
95719
95720
95721
95722
95723
95724
95725
95728
95729
95730
95731
95732
95733
95734
95735
95736
95737
95740
95741
95776
95777
95834
95835
95836
95837
95876
95912
95943
96066
96077
96491
96707
97171
97172
97173
97174
97184
97185
97186
97187
97201
97202
97203
97204
97595
97611
97618
97733
97734
97735
97736
97739
97740
97741
97742
97750
97751
97752
97753
97762
97763
97764
97765
98083
98093
98099
98223
98224
98225
98226
98233
98247
98248
98249
98250
98503
98504
98505
98506
98519
98940
99078
99284
99458
99675
99676
99677
99678
99702
99703
99704
99906
99917
100117
100128
100332
100343
100547
100558
100755
100757
100758
100783
100785
100786
100803
100804
100805
100806
101110
101111
101126
101127
101128
101129
101141
101142
101143
101144
101348
101349
101363
101364
101365
101366
101377
101378
101379
101380
101563
101564
101578
101579
101580
101581
101592
101593
101594
101595
101779
101780
101794
101795
101796
101797
101808
101809
101810
101811
102502
102510
102514
102537
102541
102552
102556
102586
102590
102598
103685
103692
103697
103717
103721
103732
103736
103767
103771
103781
104333
104341
104349
105171
105210
105233
105263
105280
105847
105887
105902
105931
105948
106737
106752
106781
106798
107258
107273
107302
107319
107796
107844
107859
107888
107905
108733
108784
108802
108830
108842
109603
109610
109647
109683
110461
110468
110505
110541
111293
111300
111337
111373
112127
112135
112172
112207
115302
115303
115574
115594
116743
116770
116796
116839
118151
118166
118195
118209
119551
119556
119565
119721
119722
119723
119724
119739
119740
119748
119749
119750
119751
119764
119765
119926
119928
119929
119952
119954
119955
120220
120368
120527
121115
121123
121127
121152
121166
121170
121191
121195
121201
121204
121861
121877
121907
121927
121954
121974
122631
122671
122686
122712
122729
123388
123430
123445
123470
123481
124781
124782
124817
124818
124819
124820
124821
124822
124823
124824
124825
124826
124827
124828
124829
124830
124831
124832
124833
124834
124835
124836
124877
124878
124879
124880
124881
124882
124883
124884
124887
124888
124889
124890
124891
124892
124893
124894
124895
124896
124899
124900
124927
124928
124929
124930
124931
124932
124933
124934
124935
124936
124937
124938
124939
124940
124941
124942
124943
124944
124945
124946
124978
124979
124980
124981
124982
124983
124984
124985
124986
124987
124988
124989
124990
124991
124992
124993
124994
124995
124996
124997
125030
125031
125032
125033
125034
125035
125036
125037
125040
125041
125042
125043
125044
125045
125046
125047
125048
125049
125052
125053
125122
125123
125124
125125
125126
125127
125128
125129
125130
125131
125132
125133
125134
125135
125136
125137
125138
125139
125140
125141
125173
125174
125175
125176
125177
125178
125179
125180
125181
125182
125183
125184
125185
125186
125187
125188
125189
125190
125191
125192
132909
132912
132917
132999
133000
133001
133002
133008
133009
133010
133011
133016
133017
133018
133019
133173
133174
133175
133176
133182
133183
133184
133185
133190
133191
133192
133193
133290
133291
133292
133293
133299
133300
133301
133302
133306
133307
133308
133309
133397
133406
133517
133518
133519
133520
133526
133527
133536
133537
133538
133539
134554
134555
134556
134557
134566
134567
134568
134569
134577
134578
134903
134909
134916
135078
135081
135094
135272
135281
135754
135770
136109
136110
136119
136120
136121
136122
136133
136134
136135
136136
137712
137713
137714
137715
137736
137764
137765
137766
137767
137768
137769
137770
137771
137772
137773
137774
137775
137776
137777
137778
137779
137805
137806
137807
137808
137837
137858
138001
138011
138023
138124
138134
138417
138453
138454
138455
138456
138457
138458
138459
138460
138461
138462
138463
138464
138465
138466
138467
138468
138469
138470
138471
138472
138530
138531
138532
138533
138534
138535
138536
138537
138538
138539
138540
138541
138542
138543
138544
138545
138546
138547
138548
138549
138569
138570
138571
138572
138573
138574
138575
138576
138577
138578
138579
138580
138581
138582
138583
138584
138585
138586
138587
138588
138605
138606
138607
138608
138609
138610
138613
138614
138615
138616
138617
138618
138619
138620
138621
138622
138623
138624
138625
138626
138665
138666
138667
138668
138669
138670
138671
138672
138673
138674
138675
138676
138677
138678
138679
138680
138681
138682
138683
138684
138708
138709
138710
138711
138712
138713
138714
138715
138716
138717
138718
138719
138720
138721
138722
138723
138724
138725
138726
138727
138756
138757
138758
138759
138760
138761
138762
138763
138766
138767
138768
138769
138770
138771
138772
138773
138774
138775
138778
138779
138810
138811
138812
138813
138814
138815
138816
138817
138818
138819
138820
138821
138822
138823
138824
138825
138826
138827
138828
138829
138869
138870
138871
138872
138894
138895
138896
138897
138921
138922
138923
138924
138948
138973
139007
139008
139009
139054
139055
139056
139057
139086
139110
139488
139500
139510
139630
139662
139798
139944
139945
139946
140109
140239
140558
140559
140560
140561
140586
140587
140588
140589
140602
140603
140604
140605
140758
140759
140760
140761
140766
140767
140768
140769
140777
140778
140779
140780
140831
140847
140852
140925
140926
140927
140928
140949
140952
140958
141229
141240
141244
141275
141282
141287
141314
141318
141328
141650
141657
141662
141689
141692
141700
142003
142021
142027
142115
142116
142117
142118
142125
142126
142127
142128
142139
142140
142176
142177
142178
142179
142192
142193
142208
142209
142294
142295
142296
142297
142310
142311
142326
142327
142427
142532
142644
142645
142646
142647
142675
142676
142677
142812
142916
143361
143369
143375
143402
143405
143415
143435
143445
143448
143850
143939
143982
144000
144029
144046
144452
144492
144510
144539
144556
144953
144968
144994
145008
145233
145282
145297
145323
145337
145732
145778
145796
145824
145836
146400
146401
146402
146403
146408
146409
146410
146411
146415
146416
146417
146418
146455
146462
146467
146647
146648
146649
146650
146659
146660
146668
146669
146936
146952
147177
147178
147179
147180
147181
147182
147185
147186
147187
147188
147189
147190
147191
147192
147193
147194
147195
147196
147197
147198
147227
147228
147229
147230
147231
147232
147233
147234
147235
147236
147237
147238
147239
147240
147241
147242
147243
147244
147245
147246
147274
147275
147276
147277
147278
147279
147280
147281
147282
147283
147284
147285
147286
147287
147288
147289
147292
147293
147294
147295
147328
147329
147330
147331
147332
147333
147334
147335
147336
147337
147338
147339
147340
147341
147342
147343
147344
147345
147346
147347
147373
147374
147375
147376
147379
147380
147381
147382
147383
147384
147385
147386
147387
147388
147391
147392
147393
147394
147395
147396
147426
147427
147428
147429
147430
147431
147432
147433
147434
147435
147436
147437
147438
147439
147440
147441
147442
147443
147444
147445
147482
147483
147486
147487
147488
147489
147490
147491
147492
147493
147494
147495
147496
147497
147498
147499
147500
147501
147502
147503
147542
147543
147544
147545
147567
147568
147569
147570
147610
147696
147808
147809
147811
147831
147960
147972
147985
148172
148262
148274
148433
148524
148536
148549
149158
149159
149160
149161
149175
149176
149177
149178
149194
149195
149196
149197
149368
149555
149566
149763
150169
150389
150443
150483
151139
151148
151188
151579
151587
151624
151663
152327
152378
152388
152411
152416
152428
152433
152788
152836
152842
152848
152877
152883
152894
154677
154678
154679
154680
154681
154682
154683
154684
154685
154686
154687
154688
154689
154690
154691
154692
154693
154694
154695
154696
154713
154714
154715
154716
154717
154718
154719
154720
154721
154722
154723
154724
154725
154726
154727
154728
154729
154730
154731
154732
154741
154742
154743
154744
154745
154746
154747
154748
154749
154750
154751
154752
154753
154754
154755
154756
154757
154758
154759
154760
154777
154778
154779
154780
154781
154782
154783
154784
154785
154786
154787
154788
154789
154790
154791
154792
154793
154794
154795
154796
154819
154820
154821
154822
154823
154824
154825
154826
154828
154829
154830
154831
154832
154833
154834
154835
154836
154837
154838
154859
154860
154861
154862
154878
154910
159570
159582
159595
159683
159695
159765
159776
159788
166498
166499
166500
166501
166514
166515
166516
166517
166532
166533
166534
166535
166607
166690
166700
166770
175505
175556
175596
175903
175910
175947
175986
176283
176326
176335
176341
176370
176376
176387
199362
199363
199364
199365
199376
199377
199378
199379
199389
199390
199391
199392
205585
205586
205587
205588
205589
205590
205593
205594
205595
205596
205597
205598
205599
205600
205601
205602
205603
205604
205605
205606
205621
205622
205623
205624
205625
205626
205627
205628
205629
205630
205631
205632
205633
205634
205635
205636
205637
205638
205639
205640
205668
205669
205670
205671
205725
205754
205755
205756
205757
205774
205828
205881
205922
205959
206234
206243
206344
206450
206569
206697
206845
207020
207438
207439
207440
207441
611862
611899
611942
611990
611991
611992
611993
612065
612066
612067
612068
612069
612070
612071
612072
612073
612074
612075
612077
612078
612079
612080
612081
612082
612083
612084
612178
612179
612180
612181
612184
612185
612186
612187
612188
612189
612190
612191
612192
612193
612196
612197
612198
612199
612200
612201
612233
612234
612235
612236
612237
612238
612239
612240
612241
612242
612243
612244
612245
612246
612247
612248
612249
612250
612251
612252
612280
612281
612282
612283
612284
612285
612286
612287
612288
612289
612290
612291
612292
612293
612294
612295
612298
612299
612300
612301
612314
612315
612316
612317
612318
612319
612320
612321
612322
612323
612324
612325
612326
612327
612328
612329
612330
612331
612332
612333
612356
612357
612358
612359
612360
612361
612362
612363
612364
612365
612366
612367
612368
612369
612370
612371
612372
612373
612374
612375
636817
636840
637063
637318
637342
653121
653152
653189
653230
653231
653232
653233
653307
653308
653311
653312
653313
653314
653315
653316
653317
653318
653319
653320
653321
653322
653323
653324
653325
653326
653327
653328
653465
653475
653694
653977
653990
654644
654656
654663
654828
655028
655238
655239
655240
655241
655251
655252
655253
655254
655265
655266
655267
655268
675968
675977
675985
676017
676029
676071
676920
676958
676981
677014
677031
677904
677948
677961
678000
731557
731563
731574
731712
731895
732073
732074
732075
732076
732087
732088
732089
732090
732101
732102
732103
732104
732671
732681
732686
732723
732760
732771
733525
733554
733571
733598
733618
734335
734374
734409
734419
856245
856246
856247
856248
856249
856250
856251
856252
856253
856254
856255
856256
856257
856258
856259
856260
856261
856262
856263
856264
856280
856281
856282
856283
856284
856285
856286
856287
856288
856289
856290
856291
856292
856293
856294
856295
856296
856297
856298
856299
856321
856322
856323
856324
856325
856326
856327
856328
856329
856330
856331
856332
856333
856334
856335
856336
856339
856340
856341
856342
856368
856369
856370
856371
856372
856373
856374
856375
856376
856377
856378
856379
856380
856381
856382
856383
856384
856385
856386
856387
856412
856413
856414
856415
856418
856419
856420
856421
856422
856423
856424
856425
856426
856427
856430
856431
856432
856433
856434
856435
856461
856462
856463
856464
856465
856466
856467
856468
856469
856470
856471
856472
856473
856474
856475
856476
856477
856478
856479
856480
856512
856513
856514
856515
856516
856517
856518
856519
856520
856521
856522
856524
856525
856526
856527
856528
856529
856530
856531
856579
856580
856583
856584
856585
856586
856587
856588
856589
856590
856591
856592
856593
856594
856595
856596
856597
856598
856599
856600
856645
856646
856647
856648
856649
856650
856651
856652
856653
856654
856655
856656
856657
856658
856659
856660
856661
856662
856663
856664
856726
856727
856728
856729
856764
856765
856766
856767
856840
856889
856890
856891
857123
857165
857242
857256
857434
857447
857461
857696
858033
858251
858501
858747
858997
859105
877149
877304
877316
927953
927954
927955
927956
927973
927974
927975
927976
927981
927982
927983
927984
927997
927998
927999
928000
928130
928131
928132
928133
928146
928147
928148
928149
928164
928165
928166
928167
928339
928360
928490
928672
928691
928877
928887
929210
929399
929756
929803
929844
929850
930442
930489
930529
931296
931892
931899
931929
931941
931983
932807
932829
932862
933856
933895
933901
933914
933920
933948
933953
933965
933970
934784
934822
934830
934835
934859
934864
934875
934879
935914
935922
936040
955469
955476
955512
955549
955560
956096
956126
956136
956143
956170
956175
956186
956190
1008386
1008387
1008388
1008389
1008396
1008397
1008398
1008399
1241753
1241808
1241863
1241929
1241930
1241931
1241932
1242031
1242032
1242033
1242034
1242035
1242036
1242037
1242038
1242040
1242041
1242042
1242043
1242044
1242045
1242046
1242047
1242048
1242049
1242050
1242145
1242146
1242147
1242148
1242149
1242150
1242151
1242152
1242153
1242154
1242155
1242156
1242157
1242158
1242159
1242160
1242161
1242162
1242163
1242164
1242194
1242195
1242196
1242197
1242200
1242201
1242202
1242203
1242204
1242205
1242206
1242207
1242208
1242209
1242212
1242213
1242214
1242215
1242216
1242217
1242241
1242242
1242243
1242244
1242245
1242246
1242247
1242248
1242249
1242250
1242251
1242252
1242253
1242254
1242255
1242256
1242257
1242258
1242259
1242260
1242284
1242285
1242286
1242287
1242288
1242289
1242290
1242291
1242292
1242293
1242294
1242295
1242296
1242297
1242298
1242299
1242302
1242303
1242304
1242305
1242321
1242322
1242323
1242324
1242325
1242326
1242327
1242328
1242329
1242330
1242331
1242332
1242333
1242334
1242335
1242336
1242337
1242338
1242339
1242340
1267653
1267666
1267885
1268143
1268155
1268169
1292789
1292795
1292806
1293032
1293307
1293599
1293600
1293601
1293602
1293614
1293615
1293616
1293617
1293625
1293626
1293627
1293628
1315064
1315071
1315104
1315148
1316042
1316088
1316105
1316137
1316154
1317114
1317170
1317210
1382353
1382354
1382355
1382356
1382357
1382358
1382359
1382360
1382361
1382362
1382363
1382364
1382365
1382366
1382367
1382368
1382369
1382370
1382371
1382372
1382399
1382400
1382401
1382402
1382403
1382404
1382405
1382406
1382407
1382408
1382409
1382410
1382411
1382412
1382413
1382414
1382415
1382416
1382417
1382418
1382429
1382430
1382431
1382432
1382433
1382434
1382435
1382436
1382437
1382438
1382439
1382440
1382441
1382442
1382443
1382444
1382445
1382446
1382447
1382448
1382475
1382512
1382543
1382580
1382611
1382649
1382688
1382689
1382690
1382691
1382731
1382732
1382733
1382734
1382773
1382774
1382775
1382776
1382777
1382778
1382779
1382780
1382781
1382782
1382783
1382784
1382785
1382786
1382787
1382788
1382789
1382790
1382791
1382792
1382833
1382834
1382835
1382836
1382837
1382838
1382839
1382840
1382841
1382842
1382843
1382844
1382845
1382846
1382847
1382848
1382849
1382850
1382851
1382852
1383026
1383037
1383050
1383220
1383229
1383240
1383325
1383514
1383619
1383638
1383639
1383641
1383664
1383665
1383666
1383667
1383908
1383922
1383923
1383924
1383925
1383943
1383944
1383945
1384364
1384370
1384381
1384533
1384539
1384550
1384688
1384871
1385029
1385189
1385988
1385997
1386005
1386046
1386089
1386750
1386759
1386767
1386803
1386841
1387299
1387342
1387359
1387391
1387408
1388050
1388089
1388104
1388132
1388147
1388582
1388835
1390952
1390981
1391005
1391031
1391032
1391033
1391034
1391068
1391069
1391072
1391073
1391074
1391075
1391076
1391077
1391078
1391079
1391080
1391081
1391082
1391083
1391084
1391085
1391086
1391087
1391088
1391089
1394927
1394961
1394970
1394981
1395118
1395264
1395274
1395286
1396125
1396131
1396142
1396283
1396421
1396540
1396541
1396542
1396543
1396554
1396555
1396556
1396557
1396564
1396565
1396566
1396567
1397657
1397761
1397770
1397778
1397814
1397852
1398470
1398509
1398524
1398552
1398567
1399142
1399190
1399225
1401670
1401671
1401672
1401673
1401682
1401683
1401684
1401685
1401693
1401694
1401695
1401696
1401787
1401788
1401789
1401790
1401797
1401798
1401799
1401800
1401806
1401807
1401808
1401809
)
;
flipMap         List<bool> 2388{1};
}

i_backo_backSlaveZone
{
    type faceZone;
faceLabels      0();
flipMap         0();
}

i_backo_backCutFaceZone
{
    type faceZone;
faceLabels      List<label> 
2308
(
184
185
192
193
255
256
257
258
279
280
281
282
88446
88477
88528
88529
88530
88615
88616
88677
88720
88768
88769
88770
88774
88775
88829
88830
88872
88873
88915
88916
88958
88959
89001
89002
89047
89048
89051
89052
89114
89115
89118
89119
89182
89183
89186
89187
89250
89251
89254
89255
89315
89316
89319
89320
90220
90242
90243
90404
90414
90415
90426
90427
90661
90662
90673
90674
90685
90686
90952
90954
90955
90969
90970
90981
90982
91259
91269
91270
91281
91282
91492
91502
91503
91514
91515
91706
91707
91717
91719
91731
91733
91950
91951
91960
91962
91973
91975
92165
92166
92175
92177
92188
92190
92380
92381
92390
92392
92403
92405
94235
94237
94238
94652
94653
95020
95021
95034
95035
95046
95047
95716
95717
95726
95727
95738
95739
95742
95743
95774
95775
95778
95779
95832
95833
95838
95839
95875
95877
95913
95944
96299
96300
96492
96503
96504
96516
96517
96708
96718
96719
96728
96729
98929
98930
98941
98947
98948
99079
99084
99085
99094
99095
99285
99289
99290
99297
99298
99459
99464
99465
99474
99475
99673
99674
99679
99680
99684
99685
99699
99700
99701
99705
99706
99899
99900
99905
99907
99916
99918
100110
100111
100116
100118
100127
100129
100325
100326
100331
100333
100342
100344
100540
100541
100546
100548
100557
100559
100753
100754
100756
100759
100760
100781
100782
100784
100787
100788
100801
100802
100807
100808
101108
101109
101112
101113
101124
101125
101130
101131
101139
101140
101145
101146
101346
101347
101350
101351
101361
101362
101367
101368
101375
101376
101381
101382
101561
101562
101565
101566
101576
101577
101582
101583
101590
101591
101596
101597
101777
101778
101781
101782
101792
101793
101798
101799
101806
101807
101812
101813
105172
105179
105180
105185
105186
105209
105211
105215
105216
105227
105228
105232
105234
105262
105264
105268
105269
105279
105281
105848
105855
105856
105861
105862
105886
105888
105895
105896
105901
105903
105930
105932
105936
105937
105947
105949
106736
106738
106745
106746
106751
106753
106780
106782
106786
106787
106797
106799
107257
107259
107266
107267
107272
107274
107301
107303
107307
107308
107318
107320
107797
107805
107806
107812
107813
107843
107845
107852
107853
107858
107860
107887
107889
107893
107894
107904
107906
108734
108744
108745
108752
108753
108783
108785
108794
108795
108801
108803
108829
108831
108834
108835
108841
108843
109594
109595
109602
109604
109609
109611
109638
109639
109646
109648
109653
109654
109678
109679
109682
109684
109692
109693
110452
110453
110460
110462
110467
110469
110496
110497
110504
110506
110511
110512
110536
110537
110540
110542
110550
110551
111284
111285
111292
111294
111299
111301
111328
111329
111336
111338
111343
111344
111368
111369
111372
111374
111382
111383
112116
112117
112126
112128
112134
112136
112163
112164
112171
112173
112178
112179
112202
112203
112206
112208
112214
112215
115300
115301
115304
115305
115573
115575
115583
115584
115593
115595
115600
115601
116742
116744
116750
116751
116769
116771
116775
116776
116789
116790
116795
116797
116828
116829
116838
116840
118150
118152
118160
118161
118165
118167
118194
118196
118199
118200
118208
118210
119719
119720
119725
119726
119737
119738
119741
119742
119746
119747
119752
119753
119762
119763
119766
119767
119924
119925
119927
119930
119931
119950
119951
119953
119956
119957
119970
119971
120219
120221
120225
120226
120233
120234
120369
120374
120375
120383
120384
120528
120542
120543
120549
120550
121860
121862
121868
121869
121876
121878
121881
121882
121906
121908
121918
121919
121926
121928
121953
121955
121958
121959
121969
121970
121973
121975
122632
122636
122637
122642
122643
122670
122672
122679
122680
122685
122687
122711
122713
122717
122718
122728
122730
123389
123398
123399
123404
123405
123429
123431
123438
123439
123444
123446
123469
123471
123477
123478
123480
123482
124779
124780
124783
124784
124813
124814
124815
124816
124837
124838
124839
124840
124875
124876
124885
124886
124897
124898
124901
124902
124923
124924
124925
124926
124947
124948
124949
124950
124974
124975
124976
124977
124998
124999
125000
125001
125028
125029
125038
125039
125050
125051
125054
125055
125118
125119
125120
125121
125169
125170
125171
125172
133392
133393
133396
133398
133405
133407
133515
133516
133521
133522
133524
133525
133528
133529
133534
133535
133540
133541
134552
134553
134558
134559
134564
134565
134570
134571
134575
134576
134579
134580
135264
135265
135271
135273
135280
135282
135753
135755
135758
135759
135769
135771
136107
136108
136111
136112
136117
136118
136123
136124
136131
136132
136137
136138
138473
138474
138475
138476
138526
138527
138528
138529
138565
138566
138567
138568
138603
138604
138611
138612
138661
138662
138663
138664
138685
138686
138687
138688
138704
138705
138706
138707
138728
138729
138730
138731
138754
138755
138764
138765
138776
138777
138780
138781
138806
138807
138808
138809
138830
138831
138832
138833
138867
138868
138873
138874
138892
138893
138898
138899
138919
138920
138925
138926
138947
138949
138972
138974
139004
139005
139006
139010
139011
139058
139059
139087
139111
139629
139631
139661
139663
139674
139675
139686
139687
139797
139799
139810
139811
139822
139823
139947
139948
139949
139963
139964
139973
139974
140110
140120
140121
140130
140131
140240
140250
140251
140262
140263
142113
142114
142119
142120
142123
142124
142129
142130
142137
142138
142141
142142
142174
142175
142180
142181
142190
142191
142194
142195
142206
142207
142210
142211
142292
142293
142298
142299
142308
142309
142312
142313
142324
142325
142328
142329
142426
142428
142433
142434
142442
142443
142531
142533
142538
142539
142547
142548
142642
142643
142648
142649
142657
142658
142672
142673
142674
142678
142679
142813
142827
142828
142833
142834
142917
142922
142923
142931
142932
143835
143836
143849
143851
143938
143940
143947
143948
143953
143954
143981
143983
143992
143993
143999
144001
144028
144030
144034
144035
144045
144047
144451
144453
144460
144461
144466
144467
144491
144493
144502
144503
144509
144511
144538
144540
144544
144545
144555
144557
144952
144954
144961
144962
144967
144969
144993
144995
144998
144999
145007
145009
145234
145245
145246
145250
145251
145281
145283
145290
145291
145296
145298
145322
145324
145327
145328
145336
145338
145733
145742
145743
145749
145750
145777
145779
145788
145789
145795
145797
145823
145825
145828
145829
145835
145837
146645
146646
146651
146652
146657
146658
146661
146662
146666
146667
146670
146671
146935
146937
146943
146944
146951
146953
147175
147176
147183
147184
147247
147248
147249
147250
147290
147291
147296
147297
147324
147325
147326
147327
147348
147349
147350
147351
147371
147372
147377
147378
147389
147390
147397
147398
147422
147423
147424
147425
147480
147481
147484
147485
147546
147547
147571
147572
147609
147611
147653
147654
147697
147806
147807
147810
147812
147813
147830
147832
147959
147961
147971
147973
147984
147986
148159
148160
148171
148251
148252
148261
148273
148434
148525
148535
148548
149162
149163
149173
149174
149179
149180
149192
149193
149198
149199
149367
149369
149373
149374
149381
149382
149548
149549
149554
149556
149565
149567
149764
149769
149770
149779
149780
150162
150163
150168
150170
150182
150183
150388
150390
150399
150400
150406
150407
150434
150435
150442
150444
150449
150450
150477
150478
150482
150484
150494
150495
151130
151131
151138
151140
151147
151149
151181
151182
151187
151200
151201
151568
151569
151578
151580
151586
151588
151615
151616
151623
151629
151630
151657
151658
151662
151673
151674
152328
152335
152336
152343
152344
152377
152387
152389
152410
152415
152427
152429
152432
152434
152789
152798
152799
152805
152806
152835
152837
152841
152847
152849
152876
152878
152882
152893
152895
154673
154674
154675
154676
154697
154698
154699
154700
154709
154710
154711
154712
154761
154762
154763
154764
154773
154774
154775
154776
154797
154798
154799
154800
154815
154816
154817
154818
154827
154863
154864
154877
154879
154894
154895
154911
159569
159571
159581
159583
159594
159596
159672
159673
159682
159694
159766
159775
159787
166502
166503
166512
166513
166518
166519
166530
166531
166536
166537
166606
166608
166612
166613
166620
166621
166684
166685
166689
166691
166699
166701
166771
166775
166776
166784
166785
175504
175506
175513
175514
175519
175520
175547
175548
175555
175557
175562
175563
175590
175591
175595
175597
175607
175608
175894
175895
175902
175904
175909
175911
175938
175939
175946
175952
175953
175980
175981
175985
175996
175997
176284
176291
176292
176297
176298
176325
176327
176334
176340
176342
176369
176371
176375
176386
176388
199366
199367
199374
199375
199380
199381
199387
199388
199393
199394
205583
205584
205591
205592
205641
205642
205643
205644
205666
205667
205672
205673
205700
205701
205726
205752
205753
205758
205759
205773
205775
205827
205829
205868
205869
205880
205921
205960
206227
206228
206233
206235
206242
206244
206345
206350
206351
206357
206358
206443
206444
206449
206451
206463
206464
206561
206562
206568
206570
206573
206574
206688
206689
206696
206698
206725
206726
206837
206838
206844
206848
206849
207019
207021
207436
207437
207442
207443
611861
611898
611941
611943
611988
611989
611994
611995
612061
612062
612063
612064
612076
612176
612177
612182
612183
612194
612195
612202
612203
612229
612230
612231
612232
612253
612254
612255
612256
612296
612297
612302
612303
612334
612335
612336
612337
612352
612353
612354
612355
636816
636841
637062
637085
637086
637317
637319
637341
637343
653120
653151
653188
653190
653228
653229
653234
653235
653305
653306
653309
653310
653464
653476
653693
653704
653705
653976
653978
653989
653991
654643
654645
654655
654662
654664
654816
654817
654827
654834
654835
655016
655017
655027
655029
655035
655036
655242
655243
655249
655250
655255
655256
655269
655270
675967
675976
675978
675984
675986
676012
676013
676018
676030
676034
676035
676066
676067
676072
676082
676083
676919
676927
676928
676933
676934
676957
676959
676963
676964
676975
676976
676980
676982
677013
677015
677019
677020
677030
677032
677903
677905
677912
677913
677918
677919
677942
677943
677947
677949
677960
677962
677966
677967
677995
677996
677999
678001
678009
678010
731556
731562
731564
731573
731575
731711
731717
731718
731727
731728
731894
731896
731901
731902
731911
731912
732077
732078
732085
732086
732091
732092
732105
732106
732670
732672
732680
732685
732687
732714
732715
732724
732730
732731
732756
732757
732761
732772
732775
732776
733516
733517
733524
733528
733529
733553
733555
733563
733564
733570
733572
733597
733599
733602
733603
733613
733614
733617
733619
734326
734327
734334
734336
734339
734340
734364
734365
734373
734375
734381
734382
734404
734405
734408
734410
734418
734420
734422
734423
856241
856242
856243
856244
856300
856301
856302
856303
856337
856338
856343
856344
856364
856365
856366
856367
856388
856389
856390
856391
856410
856411
856416
856417
856428
856429
856436
856437
856457
856458
856459
856460
856481
856482
856483
856484
856508
856509
856510
856511
856523
856577
856578
856581
856582
856641
856642
856643
856644
856730
856731
856768
856769
856839
856841
856887
856888
856892
856893
856894
857009
857010
857051
857052
857124
857166
857241
857243
857255
857257
857433
857435
857446
857448
857460
857462
857695
857697
858009
858010
858032
858250
858502
858746
858996
859078
859079
859106
877148
877305
877315
927957
927958
927971
927972
927977
927978
927985
927986
927995
927996
928001
928002
928134
928135
928144
928145
928150
928151
928162
928163
928168
928169
928338
928340
928349
928350
928359
928361
928366
928367
928489
928491
928496
928497
928505
928506
928671
928673
928683
928684
928690
928692
928870
928871
928876
928878
928886
928888
929199
929200
929211
929217
929218
929400
929405
929406
929415
929416
929755
929757
929764
929765
929770
929771
929802
929804
929811
929812
929817
929818
929843
929845
929849
929851
929862
929863
929866
929867
930441
930443
930450
930451
930456
930457
930483
930484
930488
930490
930495
930496
930523
930524
930528
930530
930540
930541
931288
931289
931295
931297
931300
931301
931883
931884
931891
931893
931898
931900
931923
931924
931928
931940
931945
931946
931977
931978
931982
931993
931994
932806
932808
932820
932821
932828
932834
932835
932861
932865
932866
933857
933864
933865
933870
933871
933894
933896
933900
933913
933919
933921
933947
933952
933964
933966
933969
933971
934785
934789
934790
934795
934796
934821
934829
934831
934834
934836
934858
934863
934874
934876
934878
934880
935902
935903
935913
935915
935921
935923
936041
936046
936047
936056
936057
955455
955456
955459
955460
955468
955470
955475
955477
955502
955503
955511
955518
955519
955544
955545
955548
955559
955563
955564
956088
956089
956097
956100
956101
956125
956127
956135
956142
956144
956169
956171
956174
956185
956189
956191
1008390
1008391
1008394
1008395
1008400
1008401
1241752
1241807
1241862
1241864
1241927
1241928
1241933
1241934
1242027
1242028
1242029
1242030
1242039
1242141
1242142
1242143
1242144
1242165
1242166
1242167
1242168
1242192
1242193
1242198
1242199
1242210
1242211
1242218
1242219
1242261
1242262
1242263
1242264
1242300
1242301
1242306
1242307
1242317
1242318
1242319
1242320
1267654
1267667
1267884
1267895
1267896
1267908
1267909
1268142
1268144
1268154
1268156
1268168
1268170
1292788
1292794
1292796
1292805
1292807
1293031
1293037
1293038
1293047
1293048
1293306
1293308
1293313
1293314
1293323
1293324
1293597
1293598
1293603
1293604
1293618
1293619
1293629
1293630
1315063
1315070
1315072
1315095
1315096
1315105
1315111
1315112
1315143
1315144
1315149
1315160
1315161
1316041
1316051
1316052
1316058
1316059
1316087
1316089
1316097
1316098
1316104
1316106
1316136
1316138
1316142
1316143
1316153
1316155
1317113
1317115
1317124
1317125
1317131
1317132
1317160
1317161
1317169
1317171
1317177
1317178
1317205
1317206
1317209
1317211
1317219
1317220
1382349
1382350
1382351
1382352
1382373
1382374
1382375
1382376
1382395
1382396
1382397
1382398
1382419
1382420
1382421
1382422
1382449
1382450
1382451
1382452
1382474
1382511
1382542
1382579
1382610
1382612
1382648
1382650
1382686
1382687
1382692
1382693
1382729
1382730
1382735
1382736
1382769
1382770
1382771
1382772
1382829
1382830
1382831
1382832
1383025
1383038
1383051
1383219
1383230
1383241
1383324
1383335
1383336
1383348
1383349
1383513
1383522
1383523
1383533
1383534
1383618
1383620
1383636
1383637
1383640
1383642
1383643
1383662
1383663
1383668
1383669
1383907
1383909
1383920
1383921
1383926
1383927
1383941
1383942
1383946
1383947
1383948
1384363
1384369
1384371
1384380
1384382
1384532
1384538
1384540
1384549
1384551
1384687
1384693
1384694
1384703
1384704
1384870
1384876
1384877
1384886
1384887
1385028
1385030
1385034
1385035
1385042
1385043
1385188
1385190
1385194
1385195
1385202
1385203
1385987
1385996
1385998
1386004
1386006
1386037
1386038
1386047
1386053
1386054
1386084
1386085
1386090
1386100
1386101
1386749
1386758
1386760
1386766
1386768
1386795
1386796
1386804
1386809
1386810
1386836
1386837
1386842
1386850
1386851
1387298
1387306
1387307
1387312
1387313
1387341
1387343
1387351
1387352
1387358
1387360
1387390
1387392
1387396
1387397
1387407
1387409
1388049
1388057
1388058
1388063
1388064
1388088
1388090
1388097
1388098
1388103
1388105
1388131
1388133
1388137
1388138
1388146
1388148
1388581
1388583
1388589
1388590
1388593
1388594
1388834
1388836
1388842
1388843
1388846
1388847
1390951
1390980
1391004
1391006
1391029
1391030
1391035
1391036
1391066
1391067
1391070
1391071
1394926
1394960
1394971
1394982
1395117
1395126
1395127
1395137
1395138
1395263
1395265
1395273
1395275
1395285
1395287
1396124
1396130
1396132
1396141
1396143
1396282
1396287
1396288
1396296
1396297
1396420
1396422
1396426
1396427
1396435
1396436
1396538
1396539
1396544
1396545
1396558
1396559
1396568
1396569
1397656
1397658
1397760
1397769
1397771
1397777
1397779
1397806
1397807
1397815
1397820
1397821
1397847
1397848
1397853
1397861
1397862
1398469
1398477
1398478
1398483
1398484
1398508
1398510
1398517
1398518
1398523
1398525
1398551
1398553
1398557
1398558
1398566
1398568
1399141
1399143
1399150
1399151
1399156
1399157
1399181
1399182
1399189
1399191
1399196
1399197
1399220
1399221
1399224
1399226
1399232
1399233
1401674
1401675
1401680
1401681
1401686
1401687
1401697
1401698
1401785
1401786
1401791
1401792
1401801
1401802
1401810
1401811
)
;
flipMap         List<bool> 2308{1};
}

i_fronto_frontMasterZone
{
    type faceZone;
faceLabels      List<label> 
3020
(
165929
165930
165931
165932
165933
165934
165935
165936
165937
165938
165939
165941
165942
165943
165944
165945
165946
165947
165948
165965
165966
165967
165968
165969
165971
165972
165973
165974
165975
165976
165977
165978
165979
165980
165981
165982
165983
165984
200441
200442
200443
200453
200455
200456
200464
200465
200466
200467
200475
200476
200477
200478
200485
200487
200488
200497
200499
200500
200508
200509
200510
200511
200521
200522
200523
200524
200527
200528
200529
200538
200539
200540
200542
200543
200549
200550
200551
200552
200560
200561
200562
200563
200564
200565
735729
735730
735731
735732
735733
735734
735735
735736
735737
735738
735739
735740
735741
735742
735743
735744
735792
735793
735794
735795
735796
735797
735798
735799
735800
735801
735802
735803
735804
735805
735806
735807
735858
735859
735860
735861
735862
735863
735864
735865
735866
735867
735868
735869
735870
735871
735872
735873
735985
735986
735987
735988
735989
735990
735991
735992
735993
735994
735995
735996
735997
735998
735999
736000
736036
736037
736038
736039
736040
736041
736042
736043
736044
736045
736046
736047
736048
736049
736050
736051
736131
736132
736133
736134
736135
736136
736137
736138
736141
736142
736143
736144
736146
736147
736148
736149
736150
736151
736152
736218
736219
736220
736221
736222
736223
736224
736225
736226
736227
736228
736229
736230
736231
736233
736234
736235
736236
736237
736332
736333
736334
736335
736336
736337
736338
736339
736340
736341
736342
736343
736346
736347
736348
736349
736350
736351
736352
736353
736386
736387
736388
736389
736390
736391
736392
736393
736395
736396
736397
736398
736399
736400
736401
736402
736403
736404
736405
736459
736460
736463
736464
736465
736466
736467
736468
736469
736470
736471
736472
736473
736474
736475
736476
736477
736478
736479
736480
736508
736509
736510
736511
736512
736513
736514
736515
736517
736518
736519
736520
736521
736522
736523
736524
736525
736526
736527
736577
736578
736579
736580
736583
736584
736585
736586
736587
736588
736589
736590
736591
736592
736595
736596
736597
736598
736599
736600
736630
736631
736632
736633
736634
736635
736636
736637
736638
736639
736640
736641
736642
736643
736644
736645
736646
736647
736648
736649
736701
736702
736703
736704
736705
736706
736707
736708
736709
736710
736711
736712
736713
736714
736715
736716
736719
736720
736721
736722
736748
736749
736750
736751
736752
736753
736754
736755
736756
736757
736758
736759
736760
736761
736762
736763
736764
736765
736766
736767
736821
736822
736823
736824
736825
736826
736829
736830
736831
736832
736833
736834
736835
736836
736837
736838
736839
736840
736841
736842
736870
736871
736872
736873
736874
736875
736876
736877
736878
736879
736880
736881
736882
736883
736884
736885
736886
736887
736888
736889
736939
736940
736941
736942
736943
736944
736945
736946
736949
736950
736951
736952
736953
736954
736955
736956
736957
736958
736961
736962
736992
736993
736994
736995
736996
736997
736998
736999
737000
737001
737002
737003
737004
737005
737006
737007
737008
737009
737010
737011
737065
737066
737067
737068
737069
737070
737071
737072
737075
737076
737077
737078
737079
737080
737081
737082
737114
737115
737116
737117
737118
737119
737120
737121
737122
737123
737124
737125
737126
737127
737128
737129
737183
737184
737185
737186
737187
737188
737189
737190
737191
737192
737195
737196
737197
737198
737199
737200
737201
737202
737203
737204
737239
737240
737241
737242
737243
737244
737245
737246
737248
737249
737250
737251
737252
737253
737254
737255
737256
737257
737258
737301
737302
737303
737304
737305
737306
737307
737308
737309
737310
737313
737314
737315
737316
737318
737319
737320
737321
737322
737426
737427
737428
737429
737430
737431
737432
737433
737434
737435
737436
737437
737438
737439
737440
737441
737442
737443
737444
737445
737464
737465
737466
737467
737468
737469
737470
737471
737472
737473
737474
737475
737476
737477
737478
737479
737480
737481
737482
737483
737504
737505
737506
737507
737508
737509
737510
737511
737512
737513
737514
737515
737516
737517
737518
737519
737520
737521
737522
737523
737574
737575
737576
737577
737578
737579
737580
737581
737582
737583
737584
737585
737586
737587
737588
737589
737590
737591
737592
737593
737633
737634
737635
737636
737637
737638
737639
737640
737641
737642
737643
737644
737645
737646
737647
737648
737649
737650
737651
737652
737736
737737
737738
737739
737740
737741
737742
737743
737744
737745
737746
737747
737748
737749
737750
737751
737809
737810
737811
737812
737813
737814
737815
737816
737817
737818
737819
737820
737821
737822
737823
737824
737825
737826
737827
737828
737860
737861
737862
737863
737864
737865
737866
737867
737868
737869
737870
737871
737872
737873
737874
737875
737876
737877
737878
737879
737929
737930
737931
737932
737933
737934
737935
737936
737937
737938
737939
737940
737941
737942
737943
737944
737945
737946
737947
737948
737964
737965
737966
737967
737968
737969
737970
737971
737972
737973
737974
737975
737976
737977
737978
737979
737980
737981
737982
737983
738321
738322
738323
738324
738325
738326
738327
738328
738329
738330
738331
738332
738333
738334
738335
738336
738366
738367
738368
738369
738381
738382
738383
738384
744229
744230
744231
744232
744238
744239
744240
744241
744246
744247
744248
744249
744253
744254
744255
744256
744263
744264
744266
744267
744268
744271
744272
744274
744282
744283
744284
744285
744286
744287
744295
744296
744297
744298
744308
744309
744310
744316
744317
744318
744326
744327
744328
744329
744335
744336
744337
744338
744347
744348
744350
744357
744358
744359
744367
744368
744369
744370
744376
744377
744378
744379
744506
744507
744508
744509
744513
744514
744515
744516
744520
744521
744522
744523
744531
744532
744533
744534
744540
744541
744542
744543
744549
744550
744551
744552
745491
745492
745493
745494
745498
745499
745501
745507
745508
745509
745510
745516
745517
745518
745519
753317
753318
753319
753320
753321
753322
753323
753324
753325
753326
753327
753328
753329
753330
753331
753332
776342
776343
776344
776345
776346
776347
776348
776349
776350
776351
776352
776353
776354
776355
776356
776357
776391
776392
776393
776394
776395
776396
776397
776398
776399
776400
776401
776402
776403
776404
776405
776406
776494
776495
776496
776497
776498
776499
776500
776501
776502
776503
776504
776505
776506
776507
776508
776509
776510
776511
776512
776513
776553
776554
776555
776556
776557
776558
776559
776560
776561
776562
776563
776564
776565
776566
776567
776568
776569
776570
776571
776572
776615
776616
776617
776618
776619
776621
776622
776623
776624
776627
776628
776629
776630
776631
776632
776633
776634
776635
776636
776751
776752
776753
776754
776755
776756
776757
776758
776759
776760
776761
776762
776763
776764
776765
776766
776767
776768
776769
776770
776812
776813
776814
776815
776816
776817
776818
776819
776820
776821
776824
776825
776826
776827
776828
776829
776830
776831
776832
776833
776869
776870
776871
776872
776873
776874
776875
776876
776877
776878
776879
776881
776882
776883
776884
776885
776886
776887
776888
776999
777000
777001
777002
777003
777004
777005
777006
777009
777010
777011
777012
777013
777014
777015
777016
777048
777049
777050
777051
777052
777053
777054
777055
777056
777057
777058
777059
777060
777061
777062
777063
777173
777174
777175
777176
777177
777178
777179
777180
777181
777182
777183
777184
777185
777186
777187
777188
777189
777190
777191
777192
813258
813259
813260
813269
813270
813271
813272
813278
813279
813280
813281
813287
813288
813289
813290
813978
813979
813980
813981
813982
813983
813984
813985
813986
813987
813988
813989
813990
813991
813992
813993
813994
813995
813996
813997
814037
814038
814039
814040
814041
814042
814043
814044
814045
814046
814047
814048
814049
814050
814051
814052
814064
814065
814066
814067
814068
814069
814070
814071
814072
814073
814074
814075
814076
814077
814078
814079
814129
814130
814131
814132
814133
814134
814135
814136
814137
814138
814139
814140
814141
814142
814143
814144
814145
814146
814147
814148
814171
814172
814173
814174
814175
814176
814177
814178
814179
814180
814181
814182
814183
814184
814185
814186
814187
814188
814189
814190
814202
814203
814204
814205
814206
814207
814208
814209
814212
814213
814214
814215
814216
814217
814218
814219
814220
814221
814224
814225
814283
814284
814285
814286
814287
814288
814289
814290
814291
814292
814293
814294
814295
814296
814297
814298
814299
814300
814301
814302
814324
814325
814326
814327
814328
814329
814330
814331
814332
814333
814334
814335
814336
814337
814338
814339
814340
814341
814342
814343
814356
814357
814358
814359
814360
814361
814364
814365
814366
814367
814368
814369
814370
814371
814372
814373
814374
814375
814376
814377
814387
814388
814389
814390
814391
814392
814393
814394
814395
814396
814397
814398
814399
814400
814401
814402
814403
814404
814405
814406
814470
814471
814472
814473
814474
814475
814476
814477
814478
814479
814480
814481
814482
814483
814484
814485
814486
814487
814488
814489
814512
814513
814514
814515
814516
814517
814518
814519
814520
814521
814522
814523
814524
814525
814526
814527
814528
814529
814530
814531
814548
814549
814550
814551
814552
814553
814554
814555
814556
814557
814558
814559
814560
814561
814562
814563
814566
814567
814568
814569
814577
814578
814579
814580
814581
814582
814583
814584
814585
814586
814587
814588
814589
814590
814591
814592
814593
814594
814595
814596
814669
814670
814671
814672
814673
814674
814675
814676
814677
814678
814679
814680
814681
814682
814683
814684
814685
814686
814687
814688
814717
814718
814719
814720
814721
814722
814723
814724
814725
814726
814727
814728
814729
814730
814731
814732
814733
814734
814735
814736
814756
814757
814758
814759
814762
814763
814764
814765
814766
814767
814768
814769
814770
814771
814774
814775
814776
814777
814778
814779
814793
814794
814795
814796
814797
814798
814799
814800
814801
814802
814803
814804
814805
814806
814807
814808
814809
814810
814811
814812
814886
814887
814888
814889
814890
814891
814892
814893
814894
814895
814896
814897
814898
814899
814900
814901
814902
814903
814904
814905
814945
814946
814947
814948
814949
814950
814951
814952
814953
814954
814955
814956
814957
814958
814959
814960
814961
814962
814963
814964
814994
814995
814998
814999
815000
815001
815002
815003
815004
815005
815006
815007
815008
815009
815010
815011
815012
815013
815014
815015
815025
815026
815027
815028
815029
815030
815031
815032
815033
815034
815035
815037
815038
815039
815040
815041
815042
815043
815044
815110
815111
815112
815113
815114
815115
815116
815117
815118
815119
815120
815121
815122
815123
815124
815125
815126
815127
815128
815129
815169
815170
815171
815172
815173
815174
815175
815176
815177
815178
815179
815180
815181
815182
815183
815184
815185
815186
815187
815188
815218
815219
815220
815221
815222
815223
815224
815225
815226
815227
815228
815229
815232
815233
815234
815235
815236
815237
815238
815239
815316
815317
815318
815319
815320
815321
815322
815323
815324
815325
815326
815327
815328
815329
815330
815331
815332
815333
815334
815335
815378
815379
815380
815381
815382
815383
815384
815385
815386
815387
815388
815389
815390
815391
815392
815393
815394
815395
815396
815397
815521
815522
815523
815524
815525
815526
815527
815528
815529
815530
815531
815532
815533
815534
815535
815536
815537
815538
815539
815540
815579
815580
815581
815582
815583
815585
815586
815589
815590
815591
815592
815593
815594
815595
815596
815597
815598
815599
815600
817090
817091
817092
817093
817100
817101
817102
817103
817113
817114
817115
817116
817117
817118
817124
817125
817126
817127
817128
817129
817132
817133
817134
817135
817141
817142
817143
817144
817152
817153
817154
817155
817156
817157
817161
817162
817163
817164
817165
817166
834361
834362
834363
834364
834365
834366
834367
834368
834369
834370
834373
834374
834375
834376
834377
834378
834379
834380
834381
834382
834432
834433
834434
834435
834436
834437
834438
834439
834440
834441
834442
834443
834444
834445
834446
834447
834463
834464
834465
834466
834467
834468
834469
834470
834473
834474
834475
834476
834477
834478
834479
834480
834529
834530
834531
834532
834533
834534
834535
834536
834537
834538
834539
834540
834541
834542
834543
834544
834545
834546
834547
834548
834564
834565
834566
834567
834568
834569
834570
834571
834574
834575
834576
834577
834578
834579
834580
834581
834582
834583
834586
834587
834634
834635
834636
834637
834638
834639
834640
834641
834642
834643
834644
834645
834646
834647
834648
834649
834650
834651
834652
834653
834665
834666
834667
834668
834669
834670
834673
834674
834675
834676
834677
834678
834679
834680
834681
834682
834683
834684
834685
834686
834727
834728
834729
834730
834731
834732
834733
834734
834735
834736
834737
834738
834739
834740
834741
834742
834743
834744
834745
834746
834760
834761
834762
834763
834764
834765
834766
834767
834768
834769
834770
834771
834772
834773
834774
834775
834778
834779
834780
834781
834828
834829
834830
834831
834832
834833
834834
834835
834836
834837
834838
834839
834840
834841
834842
834843
834844
834845
834846
834847
834863
834864
834865
834866
834869
834870
834871
834872
834873
834874
834875
834876
834877
834878
834881
834882
834883
834884
834885
834886
834934
834935
834936
834937
834938
834939
834940
834941
834943
834944
834945
834946
834947
834948
834949
834950
834951
834952
834953
834967
834968
834971
834972
834973
834974
834975
834976
834977
834978
834979
834980
834981
834982
834983
834984
834985
834986
834987
834988
835036
835037
835038
835039
835040
835041
835042
835043
835045
835046
835047
835048
835049
835050
835051
835052
835053
835054
835055
835071
835072
835073
835074
835075
835076
835077
835078
835079
835080
835081
835082
835085
835086
835087
835088
835089
835090
835091
835092
835159
835160
835161
835162
835163
835164
835165
835166
835167
835168
835169
835170
835171
835172
835174
835175
835176
835177
835178
835255
835256
835257
835258
835259
835260
835261
835262
835265
835266
835267
835268
835270
835271
835272
835273
835274
835275
835276
835295
835296
835297
835298
835299
835300
835301
835302
835303
835304
835305
835306
835307
835308
835309
835310
835311
835312
835313
835314
1007433
1007434
1007436
1007446
1007447
1007448
1007456
1007457
1007458
1007459
1007467
1007468
1007469
1007470
1007480
1007481
1007482
1007490
1007491
1007492
1007498
1007499
1007500
1007501
1007509
1007510
1007511
1007512
1007519
1007520
1007522
1007523
1007524
1007526
1007527
1007529
1007536
1007537
1007538
1007539
1007547
1007548
1007549
1007550
1007551
1007552
1007555
1007556
1007557
1007558
1007565
1007566
1007567
1007568
1007576
1007577
1007578
1007579
1007580
1007581
1007587
1007588
1007589
1007590
1007591
1007592
1007595
1007596
1007597
1007598
1007604
1007605
1007606
1007607
1007615
1007616
1007617
1007618
1007619
1007620
1007624
1007625
1007626
1007627
1007628
1007629
1238620
1238621
1238622
1238623
1238624
1238625
1238626
1238627
1238628
1238629
1238630
1238631
1238632
1238633
1238634
1238635
1242404
1242405
1242406
1242407
1242408
1242409
1242410
1242411
1242412
1242413
1242414
1242416
1242417
1242418
1242419
1242420
1242421
1242422
1242423
1242457
1242458
1242459
1242460
1242461
1242462
1242463
1242464
1242465
1242466
1242467
1242469
1242470
1242471
1242472
1242473
1242474
1242475
1242476
1242515
1242516
1242517
1242518
1242519
1242520
1242521
1242522
1242523
1242524
1242525
1242526
1242527
1242528
1242529
1242530
1242531
1242532
1242533
1242534
1242561
1242562
1242563
1242564
1242567
1242568
1242569
1242570
1242571
1242572
1242573
1242574
1242575
1242576
1242579
1242580
1242581
1242582
1242583
1242584
1242619
1242620
1242621
1242622
1242623
1242624
1242625
1242626
1242627
1242628
1242629
1242630
1242631
1242632
1242633
1242634
1242635
1242636
1242637
1242638
1242658
1242659
1242660
1242661
1242662
1242663
1242664
1242665
1242666
1242667
1242668
1242669
1242670
1242671
1242672
1242673
1242676
1242677
1242678
1242679
1242718
1242719
1242720
1242721
1242722
1242723
1242724
1242725
1242726
1242727
1242728
1242729
1242730
1242731
1242732
1242733
1242734
1242735
1242736
1242737
1242752
1242753
1242754
1242755
1242756
1242757
1242760
1242761
1242762
1242763
1242764
1242765
1242766
1242767
1242768
1242769
1242770
1242771
1242772
1242773
1242810
1242811
1242812
1242813
1242814
1242815
1242816
1242817
1242818
1242819
1242820
1242821
1242822
1242823
1242824
1242825
1242826
1242827
1242828
1242829
1242848
1242849
1242850
1242851
1242852
1242853
1242854
1242855
1242858
1242859
1242860
1242861
1242862
1242863
1242864
1242865
1242866
1242867
1242870
1242871
1242910
1242911
1242912
1242913
1242914
1242915
1242916
1242917
1242918
1242919
1242920
1242921
1242922
1242923
1242924
1242925
1242942
1242943
1242944
1242945
1242946
1242947
1242948
1242949
1242952
1242953
1242954
1242955
1242956
1242957
1242958
1242959
1243003
1243004
1243005
1243006
1243007
1243008
1243009
1243010
1243011
1243012
1243013
1243015
1243016
1243017
1243018
1243019
1243020
1243021
1243022
1243037
1243038
1243039
1243040
1243041
1243042
1243043
1243044
1243045
1243046
1243049
1243050
1243051
1243052
1243053
1243054
1243055
1243056
1243057
1243058
1243096
1243097
1243098
1243099
1243100
1243102
1243103
1243104
1243105
1243108
1243109
1243110
1243111
1243112
1243113
1243114
1243115
1243116
1243117
1374567
1374568
1374569
1374570
1374573
1374574
1374575
1374576
1374579
1374580
1374581
1374582
1374586
1374587
1374588
1374589
1374743
1374745
1374746
1374757
1374758
1374759
1374760
1374768
1374770
1374771
1374782
1374783
1374784
1374785
1374792
1374794
1374795
1374805
1374806
1374807
1374808
1374816
1374817
1374818
1374827
1374828
1374829
1374830
1381389
1381390
1381391
1381392
1381396
1381397
1381398
1381407
1381408
1381409
1381410
1381416
1381417
1381418
1381419
1391369
1391370
1391371
1391372
1391373
1391375
1391376
1391379
1391380
1391381
1391382
1391383
1391384
1391385
1391386
1391387
1391388
1391389
1391390
1391434
1391435
1391436
1391437
1391438
1391439
1391440
1391441
1391442
1391443
1391444
1391445
1391446
1391447
1391448
1391449
1391450
1391451
1391452
1391453
1391485
1391486
1391487
1391488
1391489
1391490
1391491
1391492
1391493
1391494
1391495
1391496
1391497
1391498
1391499
1391500
1391501
1391502
1391503
1391504
1391566
1391567
1391568
1391569
1391570
1391572
1391573
1391574
1391575
1391576
1391577
1391578
1391579
1391580
1391581
1391582
1391583
1391584
1391585
1391629
1391630
1391631
1391632
1391633
1391634
1391635
1391636
1391637
1391638
1391639
1391640
1391641
1391642
1391643
1391644
1391645
1391646
1391647
1391648
1391680
1391681
1391682
1391683
1391684
1391685
1391686
1391687
1391688
1391689
1391690
1391691
1391692
1391693
1391694
1391695
1391696
1391697
1391698
1391699
1391758
1391759
1391760
1391761
1391762
1391763
1391764
1391765
1391766
1391767
1391768
1391769
1391772
1391773
1391774
1391775
1391776
1391777
1391778
1391779
1391817
1391818
1391819
1391820
1391821
1391822
1391823
1391824
1391825
1391826
1391827
1391828
1391829
1391830
1391831
1391832
1391833
1391834
1391835
1391836
1391862
1391863
1391864
1391865
1391866
1391867
1391868
1391869
1391870
1391871
1391872
1391873
1391874
1391875
1391876
1391877
1391878
1391879
1391880
1391881
1391933
1391934
1391937
1391938
1391939
1391940
1391941
1391942
1391943
1391944
1391945
1391946
1391947
1391948
1391949
1391950
1391951
1391952
1391953
1391954
1391992
1391993
1391994
1391995
1391996
1391997
1391998
1391999
1392000
1392001
1392002
1392003
1392004
1392005
1392006
1392007
1392008
1392009
1392010
1392011
1392095
1392096
1392097
1392098
1392099
1392100
1392101
1392102
1392103
1392104
1392105
1392106
1392107
1392108
1392109
1392110
1392111
1392112
1392113
1392114
1392194
1392195
1392196
1392197
1392198
1392199
1392200
1392201
1392202
1392203
1392204
1392205
1392206
1392207
1392208
1392209
1392210
1392211
1392212
1392213
1392285
1392286
1392287
1392288
1392289
1392290
1392291
1392292
1392293
1392294
1392295
1392296
1392297
1392298
1392299
1392300
1392301
1392302
1392303
1392304
1392356
1392357
1392358
1392359
1392360
1392361
1392362
1392363
1392364
1392365
1392366
1392367
1392368
1392369
1392370
1392371
1392372
1392373
1392374
1392375
1392411
1392412
1392413
1392414
1392415
1392416
1392417
1392418
1392419
1392420
1392421
1392422
1392423
1392424
1392425
1392426
1401842
1401843
1401844
1401845
1401846
1401847
1401850
1401851
1401852
1401853
1401860
1401861
1401862
1401863
1401864
1401865
1401868
1401869
1401870
1401871
1401892
1401893
1401894
1401896
1401897
1401904
1401905
1401906
1401907
1401908
1401909
1401913
1401914
1401915
1401922
1401923
1401924
1401925
1401932
1401933
1401934
1401935
1401936
1401937
1401944
1401945
1401946
1401947
1401948
1401949
1401953
1401954
1401955
1401956
1401962
1401963
1401964
1401965
1401972
1401973
1401974
1401975
1401976
1401977
1401985
1401986
1401987
1401988
1401989
1401990
1401994
1401995
1401996
1401997
1402003
1402004
1402005
1402006
1402015
1402016
1402017
1402018
1402019
1402020
1402022
1402023
1402024
1402025
1402033
1402034
1402035
1402036
1402037
1402038
1402040
1402041
1402042
1402043
1402168
1402169
1402170
1402171
1402172
1402173
1402174
1402175
1402176
1402177
1402180
1402181
1402182
1402183
1402185
1402186
1402187
1402188
1402189
1402200
1402201
1402202
1402203
1402204
1402205
1402206
1402207
1402209
1402210
1402211
1402212
1402213
1402214
1402215
1402216
1402217
1402218
1402219
1402278
1402279
1402280
1402281
1402282
1402283
1402284
1402285
1402286
1402287
1402288
1402289
1402290
1402291
1402292
1402293
1402334
1402335
1402336
1402337
1402338
1402339
1402340
1402341
1402342
1402343
1402344
1402345
1402346
1402347
1402348
1402349
1415144
1415145
1415146
1415147
1415151
1415152
1415153
1415154
1415160
1415161
1415162
1415163
1415167
1415168
1415169
1415170
1415174
1415175
1415176
1415177
1415183
1415184
1415185
1415186
1415188
1415189
1415190
1415191
1415195
1415196
1415197
1415198
1416216
1416217
1416218
1416219
1416227
1416228
1416229
1416230
1416236
1416237
1416238
1416239
1416243
1416244
1416246
)
;
flipMap         List<bool> 3020{1};
}

i_fronto_frontSlaveZone
{
    type faceZone;
faceLabels      0();
flipMap         0();
}

i_fronto_frontCutFaceZone
{
    type faceZone;
faceLabels      List<label> 
1012
(
165940
165949
165950
165951
165952
165961
165962
165963
165964
165970
165985
165986
165987
165988
200439
200440
200444
200445
200446
200451
200452
200454
200457
200458
200462
200463
200468
200469
200473
200474
200479
200480
200483
200484
200486
200489
200490
200495
200496
200498
200506
200507
200512
200513
200519
200520
200530
200531
200532
200536
200537
200541
200553
200554
200558
200559
736129
736130
736139
736140
736145
736214
736215
736216
736217
736232
736238
736239
736240
736241
736344
736345
736354
736355
736394
736406
736407
736408
736409
736457
736458
736461
736462
736504
736505
736506
736507
736516
736575
736576
736581
736582
736593
736594
736601
736602
736626
736627
736628
736629
736650
736651
736652
736653
736717
736718
736723
736724
736768
736769
736770
736771
736819
736820
736827
736828
736866
736867
736868
736869
736937
736938
736947
736948
736959
736960
736963
736964
736988
736989
736990
736991
737012
737013
737014
737015
737063
737064
737073
737074
737083
737084
737085
737086
737110
737111
737112
737113
737130
737131
737132
737133
737181
737182
737193
737194
737205
737206
737207
737208
737235
737236
737237
737238
737247
737259
737260
737261
737262
737311
737312
737317
737323
737324
737422
737423
737424
737425
737460
737461
737462
737463
737484
737485
737486
737487
737524
737525
737526
737527
737570
737571
737572
737573
737629
737630
737631
737632
737653
737654
737655
737656
737732
737733
737734
737735
737752
737753
737754
737755
737805
737806
737807
737808
737829
737830
737831
737832
737856
737857
737858
737859
737880
737881
737882
737883
737949
737950
737951
737952
737984
737985
737986
737987
744261
744262
744265
744273
744275
744276
744280
744281
744299
744300
744305
744306
744307
744313
744314
744315
744319
744320
744324
744325
744333
744334
744339
744340
744345
744346
744349
744351
744352
744354
744355
744356
744360
744361
744365
744366
744371
744372
744374
744375
744380
744381
745489
745490
745495
745496
745500
745502
745503
745511
745512
745514
745515
745520
745521
776514
776515
776516
776517
776573
776574
776575
776576
776620
776625
776626
776637
776638
776747
776748
776749
776750
776771
776772
776773
776774
776810
776811
776822
776823
776834
776835
776836
776837
776865
776866
776867
776868
776880
776889
776890
776891
776892
776997
776998
777007
777008
777017
777018
777019
777020
777044
777045
777046
777047
777064
777065
777066
777067
777169
777170
777171
777172
777193
777194
777195
777196
813261
813262
813263
813267
813268
813273
813274
813282
813283
813285
813286
813291
813292
813974
813975
813976
813977
813998
813999
814000
814001
814033
814034
814035
814036
814053
814054
814055
814056
814060
814061
814062
814063
814080
814081
814082
814083
814125
814126
814127
814128
814149
814150
814151
814152
814167
814168
814169
814170
814191
814192
814193
814194
814200
814201
814210
814211
814222
814223
814226
814227
814279
814280
814281
814282
814320
814321
814322
814323
814354
814355
814362
814363
814383
814384
814385
814386
814490
814491
814492
814493
814532
814533
814534
814535
814564
814565
814570
814571
814597
814598
814599
814600
814665
814666
814667
814668
814689
814690
814691
814692
814713
814714
814715
814716
814737
814738
814739
814740
814754
814755
814760
814761
814772
814773
814780
814781
814789
814790
814791
814792
814813
814814
814815
814816
814882
814883
814884
814885
814941
814942
814943
814944
814992
814993
814996
814997
815021
815022
815023
815024
815036
815130
815131
815132
815133
815189
815190
815191
815192
815230
815231
815240
815241
815312
815313
815314
815315
815336
815337
815338
815339
815374
815375
815376
815377
815398
815399
815400
815401
815517
815518
815519
815520
815577
815578
815584
815587
815588
817094
817095
817104
817105
817111
817112
817122
817123
817136
817137
817145
817146
817150
817151
817159
817160
834359
834360
834371
834372
834383
834384
834385
834386
834428
834429
834430
834431
834448
834449
834450
834451
834461
834462
834471
834472
834481
834482
834483
834484
834525
834526
834527
834528
834549
834550
834551
834552
834562
834563
834572
834573
834584
834585
834588
834589
834630
834631
834632
834633
834663
834664
834671
834672
834747
834748
834749
834750
834776
834777
834782
834783
834824
834825
834826
834827
834848
834849
834850
834851
834861
834862
834867
834868
834879
834880
834887
834888
834930
834931
834932
834933
834942
834965
834966
834969
834970
835044
835056
835057
835058
835059
835083
835084
835093
835094
835155
835156
835157
835158
835173
835179
835180
835181
835182
835253
835254
835263
835264
835269
835291
835292
835293
835294
1007431
1007432
1007435
1007437
1007438
1007443
1007444
1007445
1007449
1007450
1007454
1007455
1007460
1007461
1007465
1007466
1007471
1007472
1007477
1007478
1007479
1007483
1007484
1007487
1007488
1007489
1007496
1007497
1007502
1007503
1007507
1007508
1007517
1007518
1007521
1007528
1007530
1007531
1007540
1007541
1007545
1007546
1007559
1007560
1007569
1007570
1007574
1007575
1007585
1007586
1007599
1007600
1007608
1007609
1007613
1007614
1007622
1007623
1242415
1242424
1242425
1242426
1242427
1242453
1242454
1242455
1242456
1242468
1242511
1242512
1242513
1242514
1242535
1242536
1242537
1242538
1242559
1242560
1242565
1242566
1242577
1242578
1242585
1242586
1242639
1242640
1242641
1242642
1242674
1242675
1242680
1242681
1242714
1242715
1242716
1242717
1242750
1242751
1242758
1242759
1242806
1242807
1242808
1242809
1242830
1242831
1242832
1242833
1242846
1242847
1242856
1242857
1242868
1242869
1242872
1242873
1242906
1242907
1242908
1242909
1242926
1242927
1242928
1242929
1242940
1242941
1242950
1242951
1242960
1242961
1242962
1242963
1242999
1243000
1243001
1243002
1243014
1243023
1243024
1243025
1243026
1243035
1243036
1243047
1243048
1243059
1243060
1243061
1243062
1243101
1243106
1243107
1243118
1243119
1374741
1374742
1374744
1374755
1374756
1374766
1374767
1374769
1374772
1374773
1374780
1374781
1374786
1374787
1374790
1374791
1374793
1374796
1374797
1374803
1374804
1374809
1374810
1374814
1374815
1374819
1374820
1374821
1374825
1374826
1374831
1374832
1381393
1381394
1381399
1381400
1381401
1381405
1381406
1381411
1381412
1381414
1381415
1381420
1381421
1391367
1391368
1391374
1391377
1391378
1391430
1391431
1391432
1391433
1391481
1391482
1391483
1391484
1391562
1391563
1391564
1391565
1391571
1391586
1391587
1391588
1391589
1391625
1391626
1391627
1391628
1391649
1391650
1391651
1391652
1391676
1391677
1391678
1391679
1391700
1391701
1391702
1391703
1391770
1391771
1391780
1391781
1391837
1391838
1391839
1391840
1391882
1391883
1391884
1391885
1391931
1391932
1391935
1391936
1391988
1391989
1391990
1391991
1392091
1392092
1392093
1392094
1392115
1392116
1392117
1392118
1392214
1392215
1392216
1392217
1392281
1392282
1392283
1392284
1392352
1392353
1392354
1392355
1392376
1392377
1392378
1392379
1392407
1392408
1392409
1392410
1392427
1392428
1392429
1392430
1401840
1401841
1401854
1401855
1401858
1401859
1401872
1401873
1401890
1401891
1401895
1401902
1401903
1401916
1401917
1401918
1401926
1401927
1401930
1401931
1401942
1401943
1401957
1401958
1401966
1401967
1401970
1401971
1401983
1401984
1401998
1401999
1402007
1402008
1402013
1402014
1402026
1402027
1402031
1402032
1402044
1402045
1402178
1402179
1402184
1402190
1402191
1402196
1402197
1402198
1402199
1402208
1402220
1402221
1402222
1402223
1416214
1416215
1416220
1416221
1416231
1416232
1416234
1416235
1416240
1416241
1416245
1416247
1416248
)
;
flipMap         List<bool> 1012{1};
}

i_lefto_leftMasterZone
{
    type faceZone;
faceLabels      List<label> 
1248
(
325
331
372
373
374
375
376
377
378
379
380
381
382
383
384
385
386
387
398
399
400
401
420
426
598
603
661
686
696
701
712
722
731
738
749
750
751
752
758
783
784
785
786
811
812
813
814
830
837
840
848
855
859
863
867
876
878
887
893
900
910
916
918
922
926
935
937
945
997
1014
1035
1053
1054
1055
1056
1064
1065
1066
1067
1079
1080
1081
1082
204576
204581
204609
204615
204658
204665
204672
204761
204785
204821
204827
204846
204851
204863
204867
204887
204906
204923
204929
204948
204952
204963
204985
204993
204997
205005
205014
205019
205028
205033
205042
205052
205061
205068
205078
205079
205080
205081
205087
205112
205113
205114
205115
205128
205153
205154
205155
205156
205168
205169
205170
205171
205189
205190
205191
205192
205198
205222
205223
205224
205225
205265
205269
205274
205277
205280
205288
205291
205298
205302
205309
205312
205315
205325
205329
205336
205340
205345
205352
205356
205363
205370
205376
205387
205392
205399
205406
205412
205415
205422
205426
205433
205440
205448
205452
205459
205464
205471
205478
205482
205489
205498
205503
205512
205522
205528
205534
205541
205544
205549
205997
205998
205999
206000
206009
206010
206011
206012
206021
206022
206023
206024
206071
206072
206073
206074
206075
206076
206077
206078
206079
206080
206081
206082
206083
206084
206085
206086
206102
206103
206104
206105
206106
206107
206108
206109
206110
206111
206112
206113
206114
206115
206116
206117
206133
206134
206135
206136
206137
206138
206139
206140
206141
206142
206143
206144
206145
206146
206147
206148
207317
207332
207354
207387
207402
207420
207493
207494
207495
207496
207507
207508
207509
207510
207517
207518
207519
207520
207530
207531
207532
207533
207544
207545
207546
207547
207554
207555
207556
207557
207566
207567
207568
207569
207576
207577
207578
207579
207588
207589
207590
207591
859480
859481
859482
859483
859484
859485
859486
859487
859488
859489
859490
859491
859492
859493
859494
859495
859496
859497
859498
859499
859511
859512
859513
859514
859515
859516
859517
859518
859519
859520
859521
859522
859523
859524
859525
859526
859527
859528
859529
859530
859542
859543
859544
859545
859546
859547
859548
859549
859550
859551
859552
859553
859554
859555
859556
859557
859558
859559
859560
859561
859697
859698
859699
859700
859701
859702
859703
859704
859705
859706
859707
859708
859709
859710
859711
859712
859713
859714
859715
859716
859724
859725
859726
859727
859728
859729
859730
859731
859732
859733
859734
859735
859736
859737
859738
859739
859740
859741
859742
859743
859751
859752
859753
859754
859755
859756
859757
859758
859759
859760
859761
859762
859763
859764
859765
859766
859767
859768
859769
859770
859928
859929
859930
859931
859932
859933
859934
859935
859936
859937
859938
859939
859940
859941
859942
859943
859944
859945
859946
859947
859955
859956
859957
859958
859959
859960
859961
859962
859963
859964
859965
859966
859967
859968
859969
859970
859971
859972
859973
859974
859982
859983
859984
859985
859986
859987
859988
859989
859990
859991
859992
859993
859994
859995
859996
859997
859998
859999
860000
860001
860157
860158
860159
860160
860161
860162
860163
860164
860165
860166
860167
860168
860169
860170
860171
860172
860173
860174
860175
860176
860191
860192
860193
860194
860195
860196
860197
860198
860199
860200
860201
860202
860203
860204
860205
860206
860207
860208
860209
860210
860225
860226
860227
860228
860229
860230
860231
860232
860233
860234
860235
860236
860237
860238
860239
860240
860241
860242
860243
860244
860421
860422
860423
860424
860433
860434
860435
860436
860445
860446
860447
860448
860597
860598
860599
860600
860608
860609
860610
860611
860619
860620
860621
860622
860827
860835
860843
861203
861210
861217
880943
880950
880969
880989
881005
881013
881031
881038
881055
881571
881592
881623
881630
881647
881666
882088
882092
882109
882126
882140
882147
882164
882168
882183
939635
939636
939637
939638
939644
939645
939646
939647
939673
939674
939675
939676
939691
939692
939693
939694
939719
939720
939721
939722
939735
939736
939737
939738
939759
939760
939761
939762
939768
939769
939770
939771
939795
939796
939797
939798
940322
940347
940384
940917
940939
940963
940974
940987
941009
941444
941471
941510
969152
969173
969242
969308
969382
969406
969469
969488
969551
971327
971355
971362
971411
971486
971494
971545
971568
971630
971656
971663
971706
973107
973113
973124
973133
973196
973201
973213
973262
973325
973331
973340
973350
973356
973367
973414
973420
973429
973438
973495
973499
973509
1015722
1015723
1015724
1015725
1015730
1015731
1015732
1015733
1015745
1015746
1015747
1015748
1015757
1015758
1015759
1015760
1015771
1015772
1015773
1015774
1015779
1015780
1015781
1015782
1015789
1015790
1015791
1015792
1015797
1015798
1015799
1015800
1015809
1015810
1015811
1015812
1243125
1243230
1243237
1243244
1243414
1243421
1243428
1243573
1243581
1243589
1243750
1243751
1243752
1243753
1243769
1243770
1243771
1243772
1243788
1243789
1243790
1243791
1243955
1243956
1243957
1243958
1243966
1243967
1243968
1243969
1243977
1243978
1243979
1243980
1244152
1244153
1244154
1244155
1244156
1244157
1244158
1244159
1244160
1244161
1244162
1244163
1244164
1244165
1244166
1244167
1244168
1244169
1244170
1244171
1244187
1244188
1244189
1244190
1244191
1244192
1244193
1244194
1244195
1244196
1244197
1244198
1244199
1244200
1244201
1244202
1244203
1244204
1244205
1244206
1244222
1244223
1244224
1244225
1244226
1244227
1244228
1244229
1244230
1244231
1244232
1244233
1244234
1244235
1244236
1244237
1244238
1244239
1244240
1244241
1244431
1244432
1244433
1244434
1244435
1244436
1244437
1244438
1244439
1244440
1244441
1244442
1244443
1244444
1244445
1244446
1244447
1244448
1244449
1244450
1244458
1244459
1244460
1244461
1244462
1244463
1244464
1244465
1244466
1244467
1244468
1244469
1244470
1244471
1244472
1244473
1244474
1244475
1244476
1244477
1244485
1244486
1244487
1244488
1244489
1244490
1244491
1244492
1244493
1244494
1244495
1244496
1244497
1244498
1244499
1244500
1244501
1244502
1244503
1244504
1244681
1244682
1244683
1244684
1244685
1244686
1244687
1244688
1244689
1244690
1244691
1244692
1244693
1244694
1244695
1244696
1244697
1244698
1244699
1244700
1244708
1244709
1244710
1244711
1244712
1244713
1244714
1244715
1244716
1244717
1244718
1244719
1244720
1244721
1244722
1244723
1244724
1244725
1244726
1244727
1244735
1244736
1244737
1244738
1244739
1244740
1244741
1244742
1244743
1244744
1244745
1244746
1244747
1244748
1244749
1244750
1244751
1244752
1244753
1244754
1244900
1244901
1244902
1244903
1244904
1244905
1244906
1244907
1244908
1244909
1244910
1244911
1244912
1244913
1244914
1244915
1244916
1244917
1244918
1244919
1244931
1244932
1244933
1244934
1244935
1244936
1244937
1244938
1244939
1244940
1244941
1244942
1244943
1244944
1244945
1244946
1244947
1244948
1244949
1244950
1244962
1244963
1244964
1244965
1244966
1244967
1244968
1244969
1244970
1244971
1244972
1244973
1244974
1244975
1244976
1244977
1244978
1244979
1244980
1244981
1245131
1245132
1245133
1245134
1245135
1245136
1245137
1245138
1245139
1245140
1245141
1245142
1245143
1245144
1245145
1245146
1245161
1245162
1245163
1245164
1245165
1245166
1245167
1245168
1245169
1245170
1245171
1245172
1245173
1245174
1245175
1245176
1245315
1245316
1245317
1245318
1245327
1245328
1245329
1245330
1245482
1268408
1268414
1268419
1268538
1268545
1268562
1268582
1268596
1268603
1268620
1268627
1268642
1268869
1268903
1268945
1269399
1269405
1269422
1269441
1269455
1269463
1269481
1269487
1269502
1293831
1293841
1293852
1294086
1294093
1294108
1294121
1294132
1294143
1294156
1294163
1294178
1294560
1294587
1294626
1295073
1295101
1295141
1295665
1295666
1295667
1295668
1295681
1295682
1295683
1295684
1295698
1295699
1295700
1295701
1295728
1295729
1295730
1295731
1295743
1295744
1295745
1295746
1295752
1295753
1295754
1295755
1295773
1295774
1295775
1295776
1295789
1295790
1295791
1295792
1295804
1295805
1295806
1295807
1299456
1299474
1299475
1299476
1299477
1299493
1299494
1299495
1299496
1299502
1299525
1299526
1299527
1299528
1318148
1318157
1318164
1318172
1318178
1318181
1318187
1318189
1318482
1318504
1318513
1318521
1318575
1318642
1318653
1318662
1318718
1318741
1318803
1318823
1318832
1318840
1318888
1319720
1319737
1319747
1319814
1319826
1319876
1319938
1319953
1319963
1319980
1320027
1320042
1320052
1320112
1320122
1321573
1321594
1321656
1321720
1321788
1321811
1321872
1321891
1321947
1375067
1378056
1378074
1381487
1381488
1381489
1381490
1381497
1381498
1381499
1381500
1381510
1381511
1381512
1381513
1381524
1381525
1381526
1381527
1381536
1381537
1381538
1381539
1381546
1381547
1381548
1381549
1381558
1381559
1381560
1381561
1381568
1381569
1381570
1381571
1381578
1381579
1381580
1381581
1381626
1381627
1381628
1381629
1381640
1381641
1381642
1381643
1381650
1381651
1381652
1381653
1381662
1381663
1381664
1381665
1381672
1381673
1381674
1381675
1381684
1381685
1381686
1381687
1402361
1402477
1403431
1406039
1406050
1406055
1406337
1406341
1406348
1406766
1406770
1406775
1406779
1406783
1406788
1406789
)
;
flipMap         List<bool> 1248{1};
}

i_lefto_leftSlaveZone
{
    type faceZone;
faceLabels      0();
flipMap         0();
}

i_lefto_leftCutFaceZone
{
    type faceZone;
faceLabels      List<label> 
1056
(
368
369
370
371
388
389
390
391
396
397
402
403
421
427
747
748
753
754
759
781
782
787
788
809
810
815
816
992
993
998
1008
1009
1015
1027
1028
1031
1032
1036
1044
1045
1046
1047
1051
1052
1057
1058
1062
1063
1068
1069
1077
1078
1083
1084
204659
204666
204673
205076
205077
205082
205083
205088
205110
205111
205116
205117
205129
205151
205152
205157
205158
205166
205167
205172
205173
205187
205188
205193
205194
205199
205220
205221
205226
205227
205995
205996
206001
206002
206007
206008
206013
206014
206019
206020
206025
206026
206067
206068
206069
206070
206087
206088
206089
206090
206098
206099
206100
206101
206118
206119
206120
206121
206129
206130
206131
206132
206149
206150
206151
206152
207312
207313
207318
207327
207328
207333
207345
207346
207349
207350
207355
207367
207368
207371
207372
207388
207396
207397
207398
207399
207403
207413
207414
207416
207417
207421
207429
207430
207431
207432
207491
207492
207497
207498
207505
207506
207511
207512
207515
207516
207521
207522
207528
207529
207534
207535
207542
207543
207548
207549
207552
207553
207558
207559
207564
207565
207570
207571
207574
207575
207580
207581
207586
207587
207592
207593
859476
859477
859478
859479
859500
859501
859502
859503
859507
859508
859509
859510
859531
859532
859533
859534
859538
859539
859540
859541
859562
859563
859564
859565
859693
859694
859695
859696
859720
859721
859722
859723
859747
859748
859749
859750
859948
859949
859950
859951
859975
859976
859977
859978
860002
860003
860004
860005
860153
860154
860155
860156
860177
860178
860179
860180
860187
860188
860189
860190
860211
860212
860213
860214
860221
860222
860223
860224
860245
860246
860247
860248
860419
860420
860425
860426
860431
860432
860437
860438
860443
860444
860449
860450
860601
860602
860612
860613
860623
860624
860826
860828
860834
860836
860842
860844
861020
861021
861027
861028
861034
861035
861204
861211
861218
880942
880944
880949
880951
880968
880970
880988
880990
881004
881006
881012
881014
881030
881032
881037
881039
881054
881056
881570
881575
881576
881591
881609
881610
881622
881629
881646
881651
881652
881665
882087
882093
882108
882127
882139
882146
882163
882169
882182
939633
939634
939639
939640
939648
939649
939671
939672
939677
939678
939695
939696
939717
939718
939723
939724
939733
939734
939739
939740
939757
939758
939763
939764
939772
939773
939793
939794
939799
939800
940310
940311
940321
940323
940335
940336
940346
940348
940357
940358
940366
940367
940378
940379
940383
940385
940397
940398
940916
940918
940923
940924
940938
940940
940951
940952
940962
940964
940973
940975
940986
940988
940993
940994
941008
941010
941438
941439
941445
941459
941460
941472
941482
941483
941492
941493
941504
941505
941511
941525
941526
969141
969142
969151
969153
969163
969164
969172
969174
969181
969182
969187
969188
969241
969243
969247
969248
969258
969259
969307
969309
969318
969319
969325
969326
969376
969377
969381
969383
969391
969392
969400
969401
969405
969407
969417
969418
969463
969464
969468
969470
969478
969479
969487
969489
969496
969497
969502
969503
969550
969552
969555
969556
969564
969565
971321
971322
971326
971337
971338
971346
971347
971354
971356
971361
971363
971410
971415
971416
971426
971427
971475
971476
971485
971487
971493
971495
971539
971540
971544
971553
971554
971562
971563
971567
971578
971579
971624
971625
971629
971638
971639
971647
971648
971655
971657
971662
971664
971705
971709
971710
971718
971719
973106
973108
973112
973123
973125
973134
973141
973142
973147
973148
973195
973200
973202
973212
973214
973263
973272
973273
973279
973280
973324
973326
973330
973339
973341
973349
973351
973355
973366
973368
973413
973415
973419
973428
973430
973439
973446
973447
973452
973453
973494
973498
973500
973508
973510
1015720
1015721
1015728
1015729
1015734
1015735
1015743
1015744
1015755
1015756
1015761
1015762
1015769
1015770
1015777
1015778
1015787
1015788
1015795
1015796
1015801
1015802
1015807
1015808
1243229
1243236
1243243
1243413
1243420
1243427
1243572
1243574
1243580
1243582
1243588
1243590
1243748
1243749
1243754
1243755
1243767
1243768
1243773
1243774
1243786
1243787
1243792
1243793
1243953
1243954
1243964
1243965
1243975
1243976
1244148
1244149
1244150
1244151
1244172
1244173
1244174
1244175
1244183
1244184
1244185
1244186
1244207
1244208
1244209
1244210
1244218
1244219
1244220
1244221
1244242
1244243
1244244
1244245
1244451
1244452
1244453
1244454
1244478
1244479
1244480
1244481
1244505
1244506
1244507
1244508
1244677
1244678
1244679
1244680
1244704
1244705
1244706
1244707
1244731
1244732
1244733
1244734
1244896
1244897
1244898
1244899
1244920
1244921
1244922
1244923
1244927
1244928
1244929
1244930
1244951
1244952
1244953
1244954
1244958
1244959
1244960
1244961
1244982
1244983
1244984
1244985
1245127
1245128
1245129
1245130
1245147
1245148
1245149
1245150
1245157
1245158
1245159
1245160
1245177
1245178
1245179
1245180
1245313
1245314
1245319
1245320
1245325
1245326
1245331
1245332
1245483
1268539
1268544
1268563
1268581
1268597
1268604
1268621
1268626
1268643
1268863
1268864
1268868
1268884
1268885
1268902
1268915
1268916
1268922
1268923
1268939
1268940
1268944
1268958
1268959
1269398
1269400
1269404
1269406
1269421
1269423
1269440
1269442
1269454
1269456
1269462
1269464
1269480
1269482
1269486
1269488
1269501
1269503
1294085
1294087
1294092
1294107
1294109
1294120
1294131
1294133
1294142
1294144
1294155
1294157
1294162
1294177
1294179
1294553
1294554
1294559
1294574
1294575
1294586
1294597
1294598
1294607
1294608
1294619
1294620
1294625
1294640
1294641
1295066
1295067
1295072
1295074
1295088
1295089
1295100
1295102
1295112
1295113
1295122
1295123
1295134
1295135
1295140
1295142
1295156
1295157
1295669
1295670
1295679
1295680
1295685
1295686
1295702
1295703
1295726
1295727
1295732
1295733
1295747
1295748
1295756
1295757
1295777
1295778
1295787
1295788
1295793
1295794
1295808
1295809
1299457
1299472
1299473
1299478
1299479
1299491
1299492
1299497
1299498
1299503
1299523
1299524
1299529
1299530
1318477
1318478
1318483
1318493
1318494
1318503
1318512
1318514
1318520
1318522
1318576
1318580
1318581
1318591
1318592
1318641
1318652
1318654
1318661
1318663
1318713
1318714
1318719
1318727
1318728
1318736
1318737
1318742
1318752
1318753
1318798
1318799
1318804
1318812
1318813
1318822
1318831
1318833
1318839
1318841
1318889
1318892
1318893
1318901
1318902
1319719
1319721
1319725
1319726
1319736
1319738
1319746
1319754
1319755
1319760
1319761
1319808
1319809
1319813
1319815
1319825
1319827
1319875
1319885
1319886
1319892
1319893
1319937
1319939
1319943
1319944
1319952
1319954
1319962
1319964
1319968
1319969
1319979
1319981
1320026
1320028
1320032
1320033
1320041
1320043
1320051
1320059
1320060
1320065
1320066
1320107
1320108
1320111
1320113
1320121
1320123
1321567
1321568
1321572
1321574
1321584
1321585
1321593
1321595
1321602
1321603
1321608
1321609
1321655
1321657
1321661
1321662
1321670
1321671
1321719
1321721
1321730
1321731
1321737
1321738
1321782
1321783
1321787
1321789
1321797
1321798
1321806
1321807
1321810
1321812
1321820
1321821
1321866
1321867
1321871
1321873
1321881
1321882
1321890
1321892
1321899
1321900
1321905
1321906
1321946
1321948
1321951
1321952
1321958
1321959
1375068
1375080
1375081
1375084
1375085
1378057
1378067
1378068
1378070
1378071
1378075
1378083
1378084
1378085
1378086
1381485
1381486
1381491
1381492
1381495
1381496
1381508
1381509
1381514
1381515
1381522
1381523
1381534
1381535
1381540
1381541
1381544
1381545
1381550
1381551
1381556
1381557
1381562
1381563
1381566
1381567
1381576
1381577
1381582
1381583
1381624
1381625
1381630
1381631
1381638
1381639
1381644
1381645
1381648
1381649
1381654
1381655
1381660
1381661
1381666
1381667
1381670
1381671
1381676
1381677
1381682
1381683
1381688
1381689
)
;
flipMap         List<bool> 1056{1};
}

i_righto_rightMasterZone
{
    type faceZone;
faceLabels      List<label> 
1248
(
137869
137882
138151
138172
139132
139137
140990
140994
141006
141011
141021
141026
141037
141757
141761
141768
141776
141781
141790
143020
143025
143036
143047
143048
143049
143050
146204
146207
146216
146219
146521
146714
147136
147137
147138
147139
154934
154935
154936
154937
154938
154939
154940
154941
154942
154943
154944
154945
154946
154947
154948
154949
154962
154963
154964
154965
154966
154967
154968
154969
154970
154971
154972
154973
154974
154975
154976
154977
154978
154979
154980
154981
154995
154996
154997
154998
154999
155000
155001
155002
155003
155004
155005
155006
155007
155008
155009
155010
155011
155012
155013
155014
155023
155024
155025
155026
155027
155028
155029
155030
155031
155032
155033
155034
155035
155036
155037
155038
155039
155040
155041
155042
155050
155051
155052
155053
155054
155055
155056
155057
155058
155059
155060
155061
155062
155063
155064
155065
155066
155067
155068
155069
155100
155101
155102
155103
155104
155105
155106
155107
155108
155109
155110
155111
155112
155113
155114
155115
155116
155117
155118
155119
155127
155128
155129
155130
155131
155132
155133
155134
155135
155136
155137
155138
155139
155140
155141
155142
155143
155144
155145
155146
155154
155155
155156
155157
155158
155159
155160
155161
155162
155163
155164
155165
155166
155167
155168
155169
155170
155171
155172
155173
155278
155279
155280
155281
155282
155283
155284
155285
155286
155287
155288
155289
155290
155291
155292
155293
155294
155295
155296
155297
155312
155313
155314
155315
155316
155317
155318
155319
155320
155321
155322
155323
155324
155325
155326
155327
155328
155329
155330
155331
155346
155347
155348
155349
155350
155351
155352
155353
155354
155355
155356
155357
155358
155359
155360
155361
155362
155363
155364
155365
155488
155489
155490
155491
155500
155501
155502
155503
155512
155513
155514
155515
155646
155647
155648
155649
155657
155658
155659
155660
155668
155669
155670
155671
155842
155850
155858
156214
156221
156228
161278
161297
161317
161333
161341
161359
161366
161383
161921
161952
161959
161976
161995
162418
162423
162440
162457
162472
162479
162496
162500
162515
168054
168055
168056
168057
168063
168064
168065
168066
168092
168093
168094
168095
168110
168111
168112
168113
168138
168139
168140
168141
168154
168155
168156
168157
168178
168179
168180
168181
168187
168188
168189
168190
168214
168215
168216
168217
168737
168762
168799
169310
169338
169362
169373
169386
169408
169830
169857
169896
181749
181760
181779
181845
181908
181982
182006
182070
182091
182157
183925
183935
183961
183968
184014
184086
184094
184145
184168
184231
184259
184266
184312
185710
185714
185728
185737
185793
185802
185814
185860
185919
185928
185938
185944
185953
185965
186013
186019
186030
186039
186099
186103
186113
201949
201950
201951
201952
201959
201960
201961
201962
201971
201972
201973
201974
201979
201980
201981
201982
201993
201994
201995
201996
202004
202005
202006
202007
202018
202019
202020
202021
202026
202027
202028
202029
202037
202038
202039
202040
202045
202046
202047
202048
202058
202059
202060
202061
610696
610702
611721
611749
611789
611795
611814
611826
611837
611850
612386
612392
612446
612453
612460
612630
612637
612644
612789
612797
612805
612966
612967
612968
612969
612985
612986
612987
612988
613004
613005
613006
613007
613171
613172
613173
613174
613182
613183
613184
613185
613193
613194
613195
613196
613368
613369
613370
613371
613372
613373
613374
613375
613376
613377
613378
613379
613380
613381
613382
613383
613384
613385
613386
613387
613403
613404
613405
613406
613407
613408
613409
613410
613411
613412
613413
613414
613415
613416
613417
613418
613419
613420
613421
613422
613438
613439
613440
613441
613442
613443
613444
613445
613446
613447
613448
613449
613450
613451
613452
613453
613454
613455
613456
613457
613647
613648
613649
613650
613651
613652
613653
613654
613655
613656
613657
613658
613659
613660
613661
613662
613663
613664
613665
613666
613674
613675
613676
613677
613678
613679
613680
613681
613682
613683
613684
613685
613686
613687
613688
613689
613690
613691
613692
613693
613701
613702
613703
613704
613705
613706
613707
613708
613709
613710
613711
613712
613713
613714
613715
613716
613717
613718
613719
613720
613897
613898
613899
613900
613901
613902
613903
613904
613905
613906
613907
613908
613909
613910
613911
613912
613913
613914
613915
613916
613924
613925
613926
613927
613928
613929
613930
613931
613932
613933
613934
613935
613936
613937
613938
613939
613940
613941
613942
613943
613951
613952
613953
613954
613955
613956
613957
613958
613959
613960
613961
613962
613963
613964
613965
613966
613967
613968
613969
613970
614117
614118
614119
614120
614121
614122
614123
614124
614125
614126
614127
614128
614129
614130
614131
614132
614133
614134
614135
614136
614148
614149
614150
614151
614152
614153
614154
614155
614156
614157
614158
614159
614160
614161
614162
614163
614164
614165
614166
614167
614179
614180
614181
614182
614183
614184
614185
614186
614187
614188
614189
614190
614191
614192
614193
614194
614195
614196
614197
614198
614349
614350
614351
614352
614353
614354
614355
614356
614357
614358
614359
614360
614361
614362
614363
614364
614379
614380
614381
614382
614383
614384
614385
614386
614387
614388
614389
614390
614391
614392
614393
614394
614408
614409
614410
614411
614412
614413
614414
614415
614416
614417
614418
614419
614420
614421
614422
614423
614564
614565
614566
614567
614576
614577
614578
614579
614587
614588
614589
614590
614760
637589
637594
637633
637654
637675
637687
637697
637704
637721
637741
637755
637762
637779
637786
637801
638028
638062
638104
638558
638564
638581
638600
638614
638622
638640
638646
638661
654366
654384
654392
654396
654407
654416
654421
654450
654455
654462
654466
654470
654479
654482
654489
654493
654500
654504
654508
654519
654523
654530
654535
654542
654549
654553
654560
654569
654576
654579
654586
654589
654594
654602
654611
654616
654622
654626
654631
655479
655484
655495
655505
655514
655521
655533
655540
655555
655568
655579
655590
655603
655610
655625
656001
656028
656067
656502
656530
656570
657079
657080
657081
657082
657095
657096
657097
657098
657112
657113
657114
657115
657142
657143
657144
657145
657157
657158
657159
657160
657166
657167
657168
657169
657187
657188
657189
657190
657203
657204
657205
657206
657218
657219
657220
657221
660785
660786
660787
660788
660794
660819
660820
660821
660822
660836
660860
660861
660862
660863
660875
660876
660877
660878
660890
660905
660906
660907
660908
678894
678900
678902
678910
678917
678921
678924
678927
678935
678937
678945
678954
678959
678966
678972
678974
678977
678980
678988
678990
678998
679005
679009
679015
679020
679021
679034
679054
679063
679071
679122
679186
679197
679206
679262
679285
679348
679370
679379
679387
679438
680272
680287
680297
680361
680373
680420
680482
680497
680507
680524
680572
680589
680599
680662
680672
682125
682144
682203
682264
682332
682355
682417
682438
682497
738116
738123
738129
738134
738205
738210
738232
738249
738268
738272
738388
738408
738426
738435
738444
738454
738463
738470
738490
738499
738506
738514
738521
738525
738531
738535
738540
738548
738555
738559
738566
738570
738575
738581
738584
738587
738948
738953
738970
740810
741483
741498
741516
744397
744423
744555
744583
744595
744596
744597
744598
744605
744606
744607
744608
744617
744618
744619
744620
744630
744631
744632
744633
744642
744643
744644
744645
744652
744653
744654
744655
744665
744666
744667
744668
744675
744676
744677
744678
744686
744687
744688
744689
744734
744735
744736
744737
744744
744745
744746
744747
744758
744759
744760
744761
744771
744772
744773
744774
744785
744786
744787
744788
744795
744796
744797
744798
744807
744808
744809
744810
744817
744818
744819
744820
744829
744830
744831
744832
747656
747657
747658
747659
753488
753489
753490
753491
753501
753502
753503
753504
753511
753512
753513
753514
753674
753675
753676
753677
753678
753679
753680
753681
753682
753683
753684
753685
753686
753687
753688
753689
753704
753705
753706
753707
753708
753709
753710
753711
753712
753713
753714
753715
753716
753717
753718
753719
753856
753857
753858
753859
753860
753861
753862
753863
753864
753865
753866
753867
753868
753869
753870
753871
753872
753873
753874
753875
753885
753886
753887
753888
753889
753890
753891
753892
753893
753894
753895
753896
753897
753898
753899
753900
753901
753902
753903
753904
777465
777466
777467
777468
777476
777477
777478
777479
777493
777494
777495
777496
777502
777503
777504
777505
812725
812726
812727
812728
812736
812737
812738
812739
812750
812751
812752
812753
812765
812766
812767
812768
812776
812777
812778
812779
812786
812787
812788
812789
812798
812799
812800
812801
)
;
flipMap         List<bool> 1248{1};
}

i_righto_rightSlaveZone
{
    type faceZone;
faceLabels      0();
flipMap         0();
}

i_righto_rightCutFaceZone
{
    type faceZone;
faceLabels      List<label> 
1056
(
137870
139138
143045
143046
143051
143052
146516
146517
146522
146534
146535
146709
146710
146715
146726
146727
147134
147135
147140
147141
154930
154931
154932
154933
154950
154951
154952
154953
154958
154959
154960
154961
154982
154983
154984
154985
154991
154992
154993
154994
155019
155020
155021
155022
155046
155047
155048
155049
155120
155121
155122
155123
155147
155148
155149
155150
155174
155175
155176
155177
155274
155275
155276
155277
155298
155299
155300
155301
155308
155309
155310
155311
155332
155333
155334
155335
155342
155343
155344
155345
155366
155367
155368
155369
155486
155487
155492
155493
155498
155499
155504
155505
155510
155511
155516
155517
155650
155651
155661
155662
155672
155673
155841
155843
155849
155851
155857
155859
156034
156035
156041
156042
156048
156049
156215
156222
156229
161271
161272
161277
161279
161296
161298
161316
161318
161332
161334
161340
161342
161358
161360
161365
161367
161382
161384
161899
161900
161904
161905
161920
161938
161939
161951
161958
161975
161980
161981
161994
162417
162419
162424
162439
162458
162471
162478
162495
162501
162514
168052
168053
168058
168059
168067
168068
168090
168091
168096
168097
168114
168115
168136
168137
168142
168143
168152
168153
168158
168159
168176
168177
168182
168183
168191
168192
168212
168213
168218
168219
168725
168726
168736
168738
168750
168751
168761
168763
168772
168773
168781
168782
168793
168794
168798
168800
168812
168813
169309
169311
169322
169323
169337
169339
169350
169351
169361
169363
169372
169374
169385
169387
169392
169393
169407
169409
169818
169819
169831
169845
169846
169858
169868
169869
169878
169879
169890
169891
169897
169911
169912
181748
181750
181759
181761
181769
181770
181778
181780
181787
181788
181793
181794
181844
181846
181850
181851
181861
181862
181907
181909
181918
181919
181925
181926
181976
181977
181981
181983
181991
181992
182000
182001
182005
182007
182017
182018
182064
182065
182069
182071
182081
182082
182090
182092
182099
182100
182105
182106
182156
182158
182161
182162
182170
182171
183924
183934
183943
183944
183952
183953
183960
183962
183967
183969
184013
184018
184019
184029
184030
184075
184076
184085
184087
184093
184095
184139
184140
184144
184153
184154
184162
184163
184167
184178
184179
184225
184226
184230
184241
184242
184250
184251
184258
184260
184265
184267
184311
184315
184316
184324
184325
185709
185713
185727
185729
185738
185745
185746
185751
185752
185792
185801
185803
185813
185815
185861
185870
185871
185877
185878
185918
185927
185929
185937
185939
185943
185952
185954
185964
185966
186012
186014
186018
186029
186031
186040
186047
186048
186053
186054
186098
186102
186104
186112
186114
201947
201948
201953
201954
201957
201958
201963
201964
201969
201970
201977
201978
201983
201984
201991
201992
202002
202003
202008
202009
202016
202017
202024
202025
202035
202036
202043
202044
202049
202050
202056
202057
612445
612452
612459
612629
612636
612643
612788
612790
612796
612798
612804
612806
612964
612965
612970
612971
612983
612984
612989
612990
613002
613003
613008
613009
613169
613170
613180
613181
613191
613192
613364
613365
613366
613367
613388
613389
613390
613391
613399
613400
613401
613402
613423
613424
613425
613426
613434
613435
613436
613437
613458
613459
613460
613461
613667
613668
613669
613670
613694
613695
613696
613697
613721
613722
613723
613724
613893
613894
613895
613896
613920
613921
613922
613923
613947
613948
613949
613950
614113
614114
614115
614116
614137
614138
614139
614140
614144
614145
614146
614147
614168
614169
614170
614171
614175
614176
614177
614178
614199
614200
614201
614202
614345
614346
614347
614348
614365
614366
614367
614368
614375
614376
614377
614378
614395
614396
614397
614398
614404
614405
614406
614407
614424
614425
614426
614427
614562
614563
614568
614569
614574
614575
614580
614581
614585
614586
614591
614592
614754
614755
614761
637698
637703
637722
637740
637756
637763
637780
637785
637802
638022
638023
638027
638043
638044
638061
638074
638075
638081
638082
638098
638099
638103
638117
638118
638557
638559
638563
638565
638580
638582
638599
638601
638613
638615
638621
638623
638639
638641
638645
638647
638660
638662
654367
655532
655534
655539
655554
655556
655567
655578
655580
655589
655591
655602
655604
655609
655624
655626
655994
655995
656000
656015
656016
656027
656038
656039
656048
656049
656060
656061
656066
656081
656082
656495
656496
656501
656503
656517
656518
656529
656531
656541
656542
656551
656552
656563
656564
656569
656571
656585
656586
657083
657084
657093
657094
657099
657100
657116
657117
657140
657141
657146
657147
657161
657162
657170
657171
657191
657192
657201
657202
657207
657208
657222
657223
660783
660784
660789
660790
660795
660817
660818
660823
660824
660837
660858
660859
660864
660865
660873
660874
660879
660880
660891
660903
660904
660909
660910
679029
679030
679035
679043
679044
679053
679062
679064
679070
679072
679123
679127
679128
679138
679139
679185
679196
679198
679205
679207
679257
679258
679263
679271
679272
679280
679281
679286
679296
679297
679343
679344
679349
679359
679360
679369
679378
679380
679386
679388
679439
679442
679443
679451
679452
680271
680273
680277
680278
680286
680288
680296
680304
680305
680310
680311
680355
680356
680360
680362
680372
680374
680419
680429
680430
680436
680437
680481
680483
680487
680488
680496
680498
680506
680508
680512
680513
680523
680525
680571
680573
680577
680578
680588
680590
680598
680606
680607
680612
680613
680657
680658
680661
680663
680671
680673
682119
682120
682124
682126
682134
682135
682143
682145
682152
682153
682158
682159
682202
682204
682208
682209
682217
682218
682263
682265
682274
682275
682281
682282
682326
682327
682331
682333
682341
682342
682350
682351
682354
682356
682364
682365
682411
682412
682416
682418
682428
682429
682437
682439
682446
682447
682452
682453
682496
682498
682501
682502
682508
682509
738117
738124
738389
738409
738949
738954
738965
738966
738971
738983
738984
738987
738988
740800
740801
740811
740816
740817
741484
741492
741493
741494
741495
741499
741509
741510
741512
741513
741517
741525
741526
741527
741528
744398
744412
744413
744418
744419
744424
744438
744439
744444
744445
744556
744566
744567
744570
744571
744575
744576
744584
744589
744590
744593
744594
744599
744600
744603
744604
744615
744616
744621
744622
744628
744629
744640
744641
744646
744647
744650
744651
744656
744657
744663
744664
744669
744670
744673
744674
744684
744685
744690
744691
744732
744733
744738
744739
744742
744743
744748
744749
744756
744757
744762
744763
744769
744770
744775
744776
744783
744784
744789
744790
744793
744794
744799
744800
744805
744806
744811
744812
744815
744816
744821
744822
744827
744828
744833
744834
747654
747655
747660
747661
753486
753487
753492
753493
753499
753500
753505
753506
753509
753510
753515
753516
753670
753671
753672
753673
753690
753691
753692
753693
753700
753701
753702
753703
753720
753721
753722
753723
753852
753853
753854
753855
753876
753877
753878
753879
753881
753882
753883
753884
753905
753906
753907
753908
777463
777464
777469
777470
777474
777475
777480
777481
777491
777492
777497
777498
777500
777501
777506
777507
812723
812724
812729
812730
812734
812735
812740
812741
812748
812749
812754
812755
812763
812764
812769
812770
812774
812775
812780
812781
812784
812785
812790
812791
812796
812797
812802
812803
)
;
flipMap         List<bool> 1056{1};
}
)

// ************************************************************************* //
