/*--------------------------------*- C++ -*----------------------------------*\
| =========                 |                                                 |
| \\      /  F ield         | OpenFOAM: The Open Source CFD Toolbox           |
|  \\    /   O peration     | Version:  v1812                                 |
|   \\  /    A nd           | Web:      www.OpenFOAM.com                      |
|    \\/     M anipulation  |                                                 |
\*---------------------------------------------------------------------------*/
FoamFile
{
    version     2.0;
    format      ascii;
    class       polyTopoChanger;
    location    "constant/polyMesh";
    object      meshModifiers;
}
// * * * * * * * * * * * * * * * * * * * * * * * * * * * * * * * * * * * * * //

1
(
couple0
{
    type            slidingInterface;
    masterFaceZoneName i_righto_rightMasterZone;
    slaveFaceZoneName i_righto_rightSlaveZone;
    cutPointZoneName i_righto_rightCutPointZone;
    cutFaceZoneName i_righto_rightCutFaceZone;
    masterPatchName i_right;
    slavePatchName  o_right;
    typeOfMatch     integral;
    coupleDecouple  true;
    projection      visible;
    attached        true;
    active          true;
    masterFaceCells List<label> 
1776
(
529058
529298
529538
529778
530018
530258
530498
530738
530978
531218
531458
529059
529299
529539
529779
530019
530259
530499
530739
530979
531219
531459
529060
529300
529540
529780
530020
530260
530500
530740
530980
531220
531460
529061
529301
529541
529781
530021
530261
530501
530741
530981
531221
531461
529062
529302
529542
529782
530022
530262
530502
530742
530982
531222
531462
529063
529303
529543
529783
530023
530263
530503
530743
530983
531223
531463
529064
529304
529544
529784
530024
530264
530504
530744
530984
531224
531464
529065
529305
529545
529785
530025
530265
530505
530745
530985
531225
531465
529066
529306
529546
529786
530026
530266
530506
530746
530986
531226
531466
529067
529307
529547
529787
530027
530267
530507
530747
530987
531227
531467
529068
529308
529548
529788
530028
530268
530508
530748
530988
531228
531468
529069
529309
529549
529789
530029
530269
530509
530749
530989
531229
531469
540578
540818
541058
541298
541538
540579
540819
541059
541299
541539
540580
540820
541060
541300
541540
540581
540821
541061
541301
541541
540582
540822
541062
541302
541542
540583
540823
541063
541303
541543
540584
540824
541064
541304
541544
540585
540825
541065
541305
541545
540586
540826
541066
541306
541546
540587
540827
541067
541307
541547
540588
540828
541068
541308
541548
540589
540829
541069
541309
541549
547778
548018
548258
548498
548738
547779
548019
548259
548499
548739
547780
548020
548260
548500
548740
547781
548021
548261
548501
548741
547782
548022
548262
548502
548742
547783
548023
548263
548503
548743
547784
548024
548264
548504
548744
547785
548025
548265
548505
548745
547786
548026
548266
548506
548746
547787
548027
548267
548507
548747
547788
548028
548268
548508
548748
547789
548029
548269
548509
548749
554978
555218
555458
555698
555938
554979
555219
555459
555699
555939
554980
555220
555460
555700
555940
554981
555221
555461
555701
555941
554982
555222
555462
555702
555942
554983
555223
555463
555703
555943
554984
555224
555464
555704
555944
554985
555225
555465
555705
555945
554986
555226
555466
555706
555946
554987
555227
555467
555707
555947
554988
555228
555468
555708
555948
554989
555229
555469
555709
555949
562178
562418
562658
562898
563138
562179
562419
562659
562899
563139
562180
562420
562660
562900
563140
562181
562421
562661
562901
563141
562182
562422
562662
562902
563142
562183
562423
562663
562903
563143
562184
562424
562664
562904
563144
562185
562425
562665
562905
563145
562186
562426
562666
562906
563146
562187
562427
562667
562907
563147
562188
562428
562668
562908
563148
562189
562429
562669
562909
563149
569378
569618
569858
570098
570338
569379
569619
569859
570099
570339
569380
569620
569860
570100
570340
569381
569621
569861
570101
570341
569382
569622
569862
570102
570342
569383
569623
569863
570103
570343
569384
569624
569864
570104
570344
569385
569625
569865
570105
570345
569386
569626
569866
570106
570346
569387
569627
569867
570107
570347
569388
569628
569868
570108
570348
569389
569629
569869
570109
570349
576578
576818
577058
577298
577538
576579
576819
577059
577299
577539
576580
576820
577060
577300
577540
576581
576821
577061
577301
577541
576582
576822
577062
577302
577542
576583
576823
577063
577303
577543
576584
576824
577064
577304
577544
576585
576825
577065
577305
577545
576586
576826
577066
577306
577546
576587
576827
577067
577307
577547
576588
576828
577068
577308
577548
576589
576829
577069
577309
577549
583778
584018
584258
584498
584738
583779
584019
584259
584499
584739
583780
584020
584260
584500
584740
583781
584021
584261
584501
584741
583782
584022
584262
584502
584742
583783
584023
584263
584503
584743
583784
584024
584264
584504
584744
583785
584025
584265
584505
584745
583786
584026
584266
584506
584746
583787
584027
584267
584507
584747
583788
584028
584268
584508
584748
583789
584029
584269
584509
584749
590978
591218
591458
591698
591938
590979
591219
591459
591699
591939
590980
591220
591460
591700
591940
590981
591221
591461
591701
591941
590982
591222
591462
591702
591942
590983
591223
591463
591703
591943
590984
591224
591464
591704
591944
590985
591225
591465
591705
591945
590986
591226
591466
591706
591946
590987
591227
591467
591707
591947
590988
591228
591468
591708
591948
590989
591229
591469
591709
591949
598178
598418
598658
598898
599138
598179
598419
598659
598899
599139
598180
598420
598660
598900
599140
598181
598421
598661
598901
599141
598182
598422
598662
598902
599142
598183
598423
598663
598903
599143
598184
598424
598664
598904
599144
598185
598425
598665
598905
599145
598186
598426
598666
598906
599146
598187
598427
598667
598907
599147
598188
598428
598668
598908
599148
598189
598429
598669
598909
599149
605378
605618
605858
606098
606338
605379
605619
605859
606099
606339
605380
605620
605860
606100
606340
605381
605621
605861
606101
606341
605382
605622
605862
606102
606342
605383
605623
605863
606103
606343
605384
605624
605864
606104
606344
605385
605625
605865
606105
606345
605386
605626
605866
606106
606346
605387
605627
605867
606107
606347
605388
605628
605868
606108
606348
605389
605629
605869
606109
606349
612578
612818
613058
613298
613538
612579
612819
613059
613299
613539
612580
612820
613060
613300
613540
612581
612821
613061
613301
613541
612582
612822
613062
613302
613542
612583
612823
613063
613303
613543
612584
612824
613064
613304
613544
612585
612825
613065
613305
613545
612586
612826
613066
613306
613546
612587
612827
613067
613307
613547
612588
612828
613068
613308
613548
612589
612829
613069
613309
613549
617618
617858
617619
617859
617620
617860
617621
617861
617622
617862
617623
617863
617624
617864
617625
617865
617626
617866
617627
617867
617628
617868
617629
617869
619058
619298
619538
619778
620018
620258
620498
620738
620978
621218
621458
619059
619299
619539
619779
620019
620259
620499
620739
620979
621219
621459
619060
619300
619540
619780
620020
620260
620500
620740
620980
621220
621460
619061
619301
619541
619781
620021
620261
620501
620741
620981
621221
621461
619062
619302
619542
619782
620022
620262
620502
620742
620982
621222
621462
619063
619303
619543
619783
620023
620263
620503
620743
620983
621223
621463
619064
619304
619544
619784
620024
620264
620504
620744
620984
621224
621464
619065
619305
619545
619785
620025
620265
620505
620745
620985
621225
621465
619066
619306
619546
619786
620026
620266
620506
620746
620986
621226
621466
619067
619307
619547
619787
620027
620267
620507
620747
620987
621227
621467
619068
619308
619548
619788
620028
620268
620508
620748
620988
621228
621468
619069
619309
619549
619789
620029
620269
620509
620749
620989
621229
621469
634898
635138
635378
635618
635858
634899
635139
635379
635619
635859
634900
635140
635380
635620
635860
634901
635141
635381
635621
635861
634902
635142
635382
635622
635862
634903
635143
635383
635623
635863
634904
635144
635384
635624
635864
634905
635145
635385
635625
635865
634906
635146
635386
635626
635866
634907
635147
635387
635627
635867
634908
635148
635388
635628
635868
634909
635149
635389
635629
635869
642098
642338
642578
642818
643058
642099
642339
642579
642819
643059
642100
642340
642580
642820
643060
642101
642341
642581
642821
643061
642102
642342
642582
642822
643062
642103
642343
642583
642823
643063
642104
642344
642584
642824
643064
642105
642345
642585
642825
643065
642106
642346
642586
642826
643066
642107
642347
642587
642827
643067
642108
642348
642588
642828
643068
642109
642349
642589
642829
643069
649298
649538
649778
650018
650258
649299
649539
649779
650019
650259
649300
649540
649780
650020
650260
649301
649541
649781
650021
650261
649302
649542
649782
650022
650262
649303
649543
649783
650023
650263
649304
649544
649784
650024
650264
649305
649545
649785
650025
650265
649306
649546
649786
650026
650266
649307
649547
649787
650027
650267
649308
649548
649788
650028
650268
649309
649549
649789
650029
650269
656498
656738
656978
657218
657458
656499
656739
656979
657219
657459
656500
656740
656980
657220
657460
656501
656741
656981
657221
657461
656502
656742
656982
657222
657462
656503
656743
656983
657223
657463
656504
656744
656984
657224
657464
656505
656745
656985
657225
657465
656506
656746
656986
657226
657466
656507
656747
656987
657227
657467
656508
656748
656988
657228
657468
656509
656749
656989
657229
657469
663698
663938
664178
664418
664658
663699
663939
664179
664419
664659
663700
663940
664180
664420
664660
663701
663941
664181
664421
664661
663702
663942
664182
664422
664662
663703
663943
664183
664423
664663
663704
663944
664184
664424
664664
663705
663945
664185
664425
664665
663706
663946
664186
664426
664666
663707
663947
664187
664427
664667
663708
663948
664188
664428
664668
663709
663949
664189
664429
664669
670898
671138
671378
671618
671858
670899
671139
671379
671619
671859
670900
671140
671380
671620
671860
670901
671141
671381
671621
671861
670902
671142
671382
671622
671862
670903
671143
671383
671623
671863
670904
671144
671384
671624
671864
670905
671145
671385
671625
671865
670906
671146
671386
671626
671866
670907
671147
671387
671627
671867
670908
671148
671388
671628
671868
670909
671149
671389
671629
671869
678098
678338
678578
678818
679058
678099
678339
678579
678819
679059
678100
678340
678580
678820
679060
678101
678341
678581
678821
679061
678102
678342
678582
678822
679062
678103
678343
678583
678823
679063
678104
678344
678584
678824
679064
678105
678345
678585
678825
679065
678106
678346
678586
678826
679066
678107
678347
678587
678827
679067
678108
678348
678588
678828
679068
678109
678349
678589
678829
679069
685298
685538
685778
686018
686258
685299
685539
685779
686019
686259
685300
685540
685780
686020
686260
685301
685541
685781
686021
686261
685302
685542
685782
686022
686262
685303
685543
685783
686023
686263
685304
685544
685784
686024
686264
685305
685545
685785
686025
686265
685306
685546
685786
686026
686266
685307
685547
685787
686027
686267
685308
685548
685788
686028
686268
685309
685549
685789
686029
686269
692498
692738
692978
693218
693458
692499
692739
692979
693219
693459
692500
692740
692980
693220
693460
692501
692741
692981
693221
693461
692502
692742
692982
693222
693462
692503
692743
692983
693223
693463
692504
692744
692984
693224
693464
692505
692745
692985
693225
693465
692506
692746
692986
693226
693466
692507
692747
692987
693227
693467
692508
692748
692988
693228
693468
692509
692749
692989
693229
693469
699698
699938
700178
700418
700658
699699
699939
700179
700419
700659
699700
699940
700180
700420
700660
699701
699941
700181
700421
700661
699702
699942
700182
700422
700662
699703
699943
700183
700423
700663
699704
699944
700184
700424
700664
699705
699945
700185
700425
700665
699706
699946
700186
700426
700666
699707
699947
700187
700427
700667
699708
699948
700188
700428
700668
699709
699949
700189
700429
700669
706898
707138
707378
707618
707858
706899
707139
707379
707619
707859
706900
707140
707380
707620
707860
706901
707141
707381
707621
707861
706902
707142
707382
707622
707862
706903
707143
707383
707623
707863
706904
707144
707384
707624
707864
706905
707145
707385
707625
707865
706906
707146
707386
707626
707866
706907
707147
707387
707627
707867
706908
707148
707388
707628
707868
706909
707149
707389
707629
707869
714098
714338
714099
714339
714100
714340
714101
714341
714102
714342
714103
714343
714104
714344
714105
714345
714106
714346
714107
714347
714108
714348
714109
714349
725618
725858
726098
726338
726578
726818
727058
727298
727538
727778
728018
728258
725619
725859
726099
726339
726579
726819
727059
727299
727539
727779
728019
728259
725620
725860
726100
726340
726580
726820
727060
727300
727540
727780
728020
728260
725621
725861
726101
726341
726581
726821
727061
727301
727541
727781
728021
728261
725622
725862
726102
726342
726582
726822
727062
727302
727542
727782
728022
728262
725623
725863
726103
726343
726583
726823
727063
727303
727543
727783
728023
728263
725624
725864
726104
726344
726584
726824
727064
727304
727544
727784
728024
728264
725625
725865
726105
726345
726585
726825
727065
727305
727545
727785
728025
728265
725626
725866
726106
726346
726586
726826
727066
727306
727546
727786
728026
728266
725627
725867
726107
726347
726587
726827
727067
727307
727547
727787
728027
728267
725628
725868
726108
726348
726588
726828
727068
727308
727548
727788
728028
728268
725629
725869
726109
726349
726589
726829
727069
727309
727549
727789
728029
728269
)
;
    slaveFaceCells  List<label> 
594
(
43579
43070
43018
43073
43212
45410
43016
43582
43584
43578
43858
43862
43857
43586
43591
43587
43865
43869
43864
44228
43213
44222
44227
44223
45409
45415
45413
45559
45565
45560
45644
45649
45643
45876
48082
48091
48109
48130
48154
48178
48204
48230
48083
48092
48110
48131
48155
48179
48205
48231
48080
48081
48084
48093
48111
62768
50620
49197
49323
49428
49183
49186
54734
49309
49312
55574
49414
56295
56267
49189
49193
49192
49315
49319
49318
49420
49424
49423
48180
49196
49200
48206
49322
49326
48232
49427
49431
50606
50609
50605
50754
50758
50752
50901
50905
50899
51027
51031
51025
50612
50616
50615
50760
50765
50762
50907
50912
50909
51033
51038
51035
48156
50619
50623
54840
54845
54842
55680
55685
55682
56373
56378
56375
54744
54747
54742
54763
54768
54764
49182
54740
54736
55584
55587
55582
55603
55608
55604
49308
55580
55576
56277
56280
56275
49417
56301
56297
49413
56273
56268
54786
54789
54784
54813
54817
54812
54805
54810
54806
55626
55629
55624
55653
55657
55652
55645
55650
55646
56319
56322
56317
56344
56350
56346
56339
56343
56337
50767
50772
50768
54834
54838
54833
54862
54866
54861
50914
50919
50915
55674
55678
55673
55702
55706
55701
51040
51045
51041
56367
56371
56366
56395
56399
56394
62754
62757
62753
62760
62764
62763
62750
62751
48132
62767
62771
205422
194909
194910
195190
195196
205453
195180
195176
205467
195187
195186
195192
195194
195275
195302
195329
195356
195383
195410
195437
195464
195491
195518
195545
206967
195276
195303
195330
195357
195384
195411
195438
195465
195492
195519
195546
206977
201980
202043
202148
206121
237462
195412
195439
195466
195493
195520
237504
206983
195264
195265
201961
201966
201969
201965
202029
202032
202028
202134
202137
202133
201972
201976
201975
202035
202039
202038
202140
202144
202143
195277
201979
201983
195304
202042
202046
195331
202147
202151
201948
211696
201947
201954
211717
201957
201963
205426
205430
205428
205433
205437
205435
205489
205493
205491
205509
205514
205510
205456
205458
205452
205460
205465
205461
205446
205451
205447
205470
205472
205466
205482
205486
205481
205474
205479
205475
205496
205500
205495
205504
205507
205502
205730
205734
205729
205835
205839
205834
205961
205965
205960
206107
206110
206106
206971
206968
234682
205736
205741
205738
205841
205846
205843
205967
205972
205969
206113
206117
206116
206978
206974
195573
211843
211848
211845
212284
212289
212286
212977
212982
212979
195358
206120
206124
206981
205716
205720
205715
205722
205727
205724
211724
211729
211726
211747
211750
211745
211766
211771
211767
211738
211743
211739
212188
212191
212186
212207
212212
212208
212179
212184
212180
212881
212884
212879
212900
212905
212901
212872
212877
212873
211789
211792
211787
211816
211820
211815
211808
211813
211809
212230
212233
212228
212257
212261
212256
212249
212254
212250
212923
212926
212921
212950
212954
212949
212942
212947
212943
205743
205748
205744
211837
211841
211836
211865
211869
211864
205848
205853
205849
212278
212282
212277
212306
212310
212305
205974
205979
205975
212971
212975
212970
212999
213003
212998
211691
211694
211689
211695
211701
211699
211685
211687
211683
211705
211708
211703
211716
211722
211720
211713
211715
211711
211734
211736
211732
234384
234385
234386
234409
234403
234400
234466
234410
234406
234387
234439
234442
234447
234451
234445
234496
234500
234495
234482
234486
234481
234474
234479
234476
234399
234472
234468
234502
234507
234503
234488
234493
234490
234455
234458
234453
235530
235533
235527
235891
235897
235895
195572
234688
234683
235898
235904
235902
234693
234695
234689
235909
235911
235905
237384
237390
237388
237391
237397
237395
237437
237439
237433
237440
237446
237443
237448
237451
237447
237490
237493
237489
237454
237458
237457
237496
237500
237499
195385
237461
237465
195547
237503
237507
238296
240311
240338
240364
260059
240339
240365
240313
246912
246911
246916
246915
260052
260055
260051
240312
260062
260061
260066
)
;
    masterStickOutFaces List<label> 
4974
(
1818639
1818640
1638434
1638435
1638436
1638437
1638438
1638439
1638440
1638441
1638442
1638443
1638444
1638445
2097198
1638446
1638447
1638448
1638449
1638450
1638451
1638452
1638453
1638454
1638455
1638456
1638457
1867855
1802342
1802343
1802344
1802345
1802346
1802347
1802348
1802349
1802350
1802351
1802352
1802353
1802354
1802355
1802356
1802357
1802358
1802359
1802360
1802361
1802362
1802363
1802364
1802365
2015409
2015410
2015411
2015412
2015413
2015414
2015415
2015416
2015417
2015418
2015419
2015420
2015421
2015422
2015423
2015424
2015425
2015426
2080963
2015427
2015428
655557
2015429
2015430
2015431
164039
2015432
2015433
1671375
1671376
655625
737549
1884470
1884471
1884472
1884473
1884474
1884475
1884476
1884477
1884478
1884479
1884480
1884481
1884482
1884483
1884484
1884485
2212166
1884486
2212167
1884487
1884488
1884489
1884490
1884491
1884492
1884493
1818993
1818994
2097532
737679
737681
737683
1802719
754149
754150
754151
1737206
1737207
1737208
1737209
1737210
1737211
1737212
1737213
1737214
1737215
1737216
1737217
1737218
1737219
1737220
1737221
1737222
1737223
1737224
1737225
1737226
1737227
1737228
1737229
1950233
1950234
1950235
1950236
1950237
1950238
1950239
1950240
1950241
1950242
1950243
1950244
2081317
1950245
1950246
1950247
1950248
1950249
1950250
1950251
1950252
1950253
1950254
1950255
1950256
1950257
2163361
2163362
2163363
2163364
2163365
2163366
2163367
2212520
2163368
2212521
2163369
2163370
2163371
2163372
2163373
2163374
2163375
2163376
2163377
2163378
2163379
2163380
2163381
2163382
2163383
2163384
2163385
2261705
2097866
1819347
1819348
1639142
1639143
1639144
1639145
1639146
1639147
1639148
1639149
1639150
1639151
1639152
1639153
1639154
1639155
1639156
1639157
1639158
1639159
1639160
1639161
1639162
1639163
1639164
1639165
164630
2261825
1803073
754511
754512
2261845
2261865
2261885
1672070
2081671
1672071
1672072
2016137
1672073
2016138
1672074
2016139
1672075
2016140
1672076
2016141
1672077
2016142
1672078
2016143
1672079
2016144
1672080
2016145
2261905
1672081
2016146
1672082
2016147
1672083
2016148
1672084
2016149
1672085
2016150
1672086
2016151
1672087
2016152
1672088
2016153
1672089
2016154
1672090
2016155
1672091
2016156
1672092
2016157
1672093
2016158
2016159
2016160
2016161
2261925
2261945
2261965
623566
623567
2261985
2262005
1885178
1885179
1885180
1885181
1885182
1885183
1885184
1885185
1885186
1885187
1885188
1885189
1885190
1885191
1885192
2262025
1885193
2212874
1885194
2212875
1885195
1885196
1885197
1885198
1885199
1885200
1885201
2098200
2262045
623662
623663
1819701
1819702
164997
2262165
1803427
197800
181429
754872
754873
1737914
1737915
1737916
1737917
1737918
1737919
1737920
1737921
1737922
1737923
1737924
1737925
1737926
1737927
1737928
1737929
1737930
1737931
1737932
1737933
1737934
1737935
1737936
1737937
2082025
1950961
1950962
1950963
1950964
1950965
1950966
1950967
1950968
1950969
1950970
1950971
1950972
1950973
1950974
1950975
1950976
1950977
1950978
1950979
1950980
1950981
1950982
1950983
1950984
1950985
2213228
2213229
2164089
2164090
2164091
2164092
2164093
2164094
2164095
2164096
2164097
2164098
2164099
2164100
2164101
2164102
2164103
2164104
2164105
2164106
2164107
2164108
2164109
2164110
2164111
2164112
2164113
1820055
1820056
1639850
1639851
1639852
1639853
1639854
1639855
1639856
1639857
1639858
1639859
1639860
1639861
1639862
1639863
1639864
1639865
1639866
1639867
1639868
1639869
1639870
1639871
1639872
1639873
2033144
1803781
2262545
2262565
755240
2262585
1672778
2082379
1672779
1672780
2262605
1672781
1672782
1672783
1672784
1672785
1672786
165459
1672787
1672788
165461
1672789
165462
1672790
1672791
1672792
165465
1672793
1672794
1672795
1672796
1672797
165470
1672798
1672799
1672800
2262625
2016865
1672801
2016866
165474
2016867
2016868
2016869
2016870
165478
2016871
2016872
2016873
2016874
165482
2016875
2016876
2016877
2016878
165486
2016879
2016880
2016881
2016882
165490
2016883
2016884
2262645
2016885
2016886
2016887
2016888
2016889
2262665
2262685
2262705
1885886
1885887
1885888
1885889
1885890
1885891
1885892
2262725
1885893
1885894
1885895
1885896
1885897
1885898
1885899
1885900
1885901
2213582
1885902
2213583
1885903
1885904
1885905
1885906
1885907
1885908
1902293
1885909
1902294
1902295
1902296
2262745
1902297
1902298
1902299
1902300
1902301
1902302
1902303
1902304
2098913
1902305
2098914
1902306
2098915
1902307
2098916
1902308
2098917
1902309
2098918
1902310
2098919
1902311
2098920
1902312
2098921
1902313
2098922
1902314
2098923
1902315
2098924
1902316
2262765
2098925
1902317
2098926
1902318
2098927
1902319
2098928
1902320
2098929
1902321
2098930
1902322
2098931
1902323
2098932
1902324
2098933
1902325
2098934
1902326
2098935
1902327
2098936
1902328
2098937
1902329
1754919
1754920
2033478
2262885
1804135
1738622
1738623
1738624
1738625
1738626
1738627
1738628
1738629
1738630
1738631
1738632
1738633
1738634
1738635
1738636
1738637
1738638
1738639
1738640
1738641
1738642
165779
1738643
1738644
1738645
1951689
1951690
1951691
1951692
1951693
1951694
1951695
1951696
1951697
1951698
1951699
1951700
1951701
1951702
1951703
1951704
1951705
1951706
2017243
1951707
1951708
1951709
1951710
1951711
1951712
1951713
641035
2213936
2213937
1820750
1820751
1820752
2164817
1820753
2164818
1820754
2164819
1820755
2164820
1820756
2164821
1820757
2164822
1820758
2164823
1820759
2164824
1820760
2164825
1820761
2164826
1820762
2164827
1820763
2164828
1820764
2164829
1820765
2164830
1820766
2164831
1820767
2164832
1820768
2164833
1820769
2164834
1820770
2164835
1820771
2164836
1820772
2164837
1820773
2164838
2164839
2164840
2164841
1640558
1640559
1640560
1640561
1640562
1640563
1640564
1640565
1640566
1640567
1640568
1640569
1640570
1640571
1640572
1640573
1640574
1640575
1640576
1640577
1640578
1640579
1640580
1640581
1755273
1755274
166035
2033812
166036
166038
166040
166064
166068
166070
166072
166074
1738999
1673486
1673487
1673488
1673489
1673490
1673491
1673492
1673493
1673494
1673495
1673496
1673497
1673498
1673499
1673500
1673501
1673502
1673503
1673504
1673505
1673506
1673507
1673508
1673509
2017597
1886594
1886595
1886596
1886597
1886598
1886599
1886600
100744
1886601
1886602
1886603
1886604
100748
1886605
1886606
1886607
1886608
1886609
100753
2214290
1886610
2214291
1886611
100755
1886612
1886613
100757
1886614
1886615
100759
1886616
1886617
133532
133533
133534
133536
133538
133540
2099641
1903033
2099642
1903034
2099643
1903035
2099644
1903036
2099645
1903037
2099646
1903038
2099647
1903039
2099648
1903040
100800
2099649
1903041
100801
2099650
1903042
2099651
1903043
100803
2099652
1903044
2099653
1903045
100805
2099654
1903046
2099655
1903047
100807
2099656
1903048
2099657
1903049
2099658
1903050
2099659
1903051
2099660
1903052
2099661
1903053
2099662
1903054
2099663
1903055
2099664
1903056
2099665
1903057
2034146
1755627
1755628
199152
674294
674348
674349
674350
674351
1739353
674438
674439
674440
133777
2017951
1952417
1952418
1952419
1952420
1952421
1952422
1952423
1952424
1952425
1952426
1952427
1952428
1952429
1952430
1952431
1952432
1952433
1952434
1952435
1952436
1952437
1952438
1952439
1952440
1952441
2181824
2214644
2214645
1821458
1821459
1821460
1821461
1821462
1821463
1821464
1821465
1821466
1821467
1821468
1821469
1821470
1821471
1821472
1821473
1821474
1821475
1821476
1821477
1821478
1821479
1821480
2165545
1821481
2165546
2165547
641835
2165548
2165549
2165550
2165551
2165552
2034480
2165553
2165554
1641266
2165555
1641267
2165556
1641268
2165557
1641269
2165558
1641270
2165559
1641271
2165560
1641272
2263865
2165561
1641273
2165562
1641274
2165563
1641275
2165564
1641276
2165565
2247485
1641277
2165566
1641278
2165567
1641279
2165568
2247488
1641280
2165569
1641281
1641282
1641283
1641284
1641285
1641286
1641287
1641288
1641289
1755981
1755982
1739707
1674194
1674195
1674196
1674197
1674198
1674199
1674200
1674201
1674202
1674203
1674204
1674205
1674206
1674207
1674208
1674209
1674210
1674211
1674212
1674213
1674214
1674215
1674216
199657
1674217
199660
199662
199664
199666
199670
199672
199674
199676
199678
2018305
2182158
199701
199704
199706
199708
199710
199714
199716
199718
199720
199745
199748
1887302
199750
1887303
1887304
199752
1887305
1887306
1887307
1887308
1887309
199757
1887310
1887311
199759
1887312
1887313
199761
1887314
199763
1887315
1887316
1887317
2214998
1887318
2214999
1887319
1887320
1887321
1887322
1887323
1887324
1887325
2247779
2247804
2100369
1903761
2100370
1903762
2100371
1903763
2100372
1903764
2100373
1903765
2100374
1903766
2100375
1903767
2100376
1903768
2100377
1903769
2100378
1903770
2100379
1903771
2100380
1903772
2100381
1903773
2100382
1903774
2100383
1903775
2100384
1903776
2100385
1903777
2100386
1903778
2165923
2100387
1903779
2100388
1903780
2100389
1903781
2100390
1903782
2100391
1903783
2100392
1903784
2100393
1903785
1756335
1756336
183529
1969424
1740061
2215233
2182492
2018659
1953145
1953146
1953147
1953148
1953149
1953150
1953151
1953152
1953153
1953154
1953155
1953156
1953157
1953158
1953159
1953160
1953161
1953162
1953163
1953164
1953165
1953166
1953167
1953168
1953169
1887679
1822166
1822167
1822168
1822169
1822170
1822171
1822172
1822173
1822174
1822175
1822176
1822177
1822178
675299
1822179
675300
1822180
675301
1822181
1822182
1822183
1822184
1822185
1822186
1822187
1822188
1822189
1641974
1641975
1641976
2035193
1641977
2035194
1641978
2035195
1641979
2035196
1641980
2035197
1641981
2035198
1641982
2035199
1641983
2035200
1641984
2035201
1641985
2035202
1641986
2035203
1641987
2035204
1641988
2166277
2035205
1641989
2035206
1641990
2035207
1641991
2035208
1641992
2035209
1641993
2035210
1641994
2035211
1641995
2035212
1641996
2035213
1641997
2035214
2035215
2035216
2035217
609835
609836
609839
675385
675386
675387
675388
1691199
1691200
1969758
1740415
1674902
1674903
1674904
1674905
1674906
1674907
1674908
1674909
1674910
1674911
1674912
167585
1674913
1674914
1674915
1674916
1674917
1674918
1674919
1674920
1674921
2182826
1674922
1674923
1674924
1674925
610007
610009
610013
610014
167665
1953523
659200
659201
102173
102176
1888033
102177
102181
1757030
2166631
1757031
1757032
2101097
1904489
1757033
2101098
1904490
1757034
2101099
1904491
1757035
2101100
1904492
1757036
2101101
1904493
1757037
2101102
1904494
1757038
2101103
1904495
1757039
2101104
1904496
1757040
2101105
1904497
1757041
2101106
1904498
1757042
2101107
1904499
1757043
2101108
1904500
1757044
2101109
1904501
1757045
2101110
1904502
1757046
2101111
1904503
1757047
2101112
1904504
1757048
2101113
1904505
1757049
2101114
1904506
1757050
2101115
1904507
1757051
2101116
1904508
1757052
2101117
1904509
1757053
2101118
1904510
2101119
1904511
2101120
1904512
2101121
1904513
1691553
1691554
1970092
659373
659374
2215918
2215919
2215920
2215921
2215922
2215923
2215924
2215925
2215926
2215927
2183160
2215928
2215929
2215930
2215931
2215932
2215933
2215934
2215935
2215936
2215937
2215938
2215939
2215940
2215941
1675279
626722
643120
1953877
1888387
1822874
1822875
1822876
1822877
1822878
1822879
1822880
1822881
1822882
1822883
1822884
1822885
1822886
1822887
1822888
1822889
1822890
1822891
1822892
1822893
1822894
1822895
1822896
1822897
1642682
1642683
1642684
1642685
1642686
1642687
1642688
1642689
1642690
1642691
1642692
1642693
1642694
1642695
1642696
2166985
1642697
1642698
1642699
1642700
1642701
1642702
1642703
1642704
2035921
1642705
2035922
2035923
2035924
2035925
2035926
2035927
2035928
2035929
2035930
2035931
2035932
2035933
2035934
2035935
2035936
2035937
2035938
2035939
2035940
2035941
2035942
2035943
2035944
2035945
1970426
1691907
168196
1691908
168249
168250
1675633
1954231
676284
676285
676286
201165
2118104
1888741
201198
774644
774646
774652
774656
774660
774664
774668
676367
676368
774672
676369
774676
610858
1757738
610859
2167339
1757739
1757740
1757741
610862
1757742
1757743
1757744
1757745
1757746
1757747
1757748
1757749
1757750
1757751
1757752
1757753
1757754
1757755
1757756
1757757
1757758
1757759
1757760
2101825
1905217
1757761
2101826
1905218
2101827
1905219
2101828
1905220
2101829
1905221
2101830
1905222
2101831
1905223
2101832
1970760
1905224
2101833
1905225
2101834
1905226
2101835
1905227
2101836
1905228
2101837
1905229
2101838
1905230
2101839
1905231
2101840
1905232
2101841
1905233
2101842
1905234
2101843
1905235
2101844
1905236
2101845
1905237
2101846
1905238
2101847
1905239
2101848
1905240
2101849
1905241
1692261
1692262
774827
774831
2216626
2216627
774835
2216628
2216629
2216630
2216631
774839
2216632
2216633
2216634
2216635
774843
2216636
2216637
2216638
2216639
774847
2216640
2216641
2183873
2216642
2183874
2216643
2183875
774851
2216644
2183876
2216645
2183877
2216646
2183878
2216647
2183879
2216648
2183880
2216649
2183881
2183882
2183883
2183884
2183885
2183886
2183887
2183888
2183889
2183890
2183891
1675987
2183892
2183893
2183894
2183895
2183896
2183897
1839879
1839880
1954585
2118438
774952
774956
774960
774964
168759
774968
774972
774976
774980
1889095
1823582
1823583
1823584
1823585
1823586
1823587
1823588
1823589
1823590
1823591
1823592
1823593
1823594
1823595
1823596
1823597
1823598
1823599
1823600
611185
1823601
611186
168818
1823602
168819
1823603
1823604
1823605
611190
611193
611198
1643390
1643391
1643392
1643393
611202
1643394
1643395
1643396
1643397
611206
1643398
1643399
1643400
1643401
611210
1643402
1643403
1643404
1643405
611214
1643406
1643407
1643408
1643409
611218
1643410
1643411
1643412
1643413
742309
185253
742310
742311
742313
2036649
2036650
2036651
2036652
2036653
2036654
2036655
2036656
2036657
2036658
2036659
2036660
2036661
2036662
2036663
742327
742328
2036664
2036665
2036666
742330
2102203
2036667
2036668
2036669
2036670
2036671
2036672
2036673
742341
742343
1692615
1692616
742345
742347
742349
742352
742353
742355
742357
742385
742387
742389
742391
742394
742395
742397
742399
742401
136200
136201
742425
742427
742429
742431
742433
611361
611362
742436
742438
611366
742440
742442
611370
611374
660527
660528
611378
1676341
611382
611386
611390
742490
742491
1840233
1840234
2118772
611446
611447
611451
1954939
611455
611459
611463
611467
611471
742545
742547
742554
742555
742556
611485
611489
611493
611497
611501
742576
611505
742578
2184373
611509
2184374
2184375
2184376
2184377
2184378
611515
2184379
2184380
2184381
2184382
611518
2184383
611519
2184384
2184385
742600
742601
742603
1823959
1758446
1758447
1758448
1758449
1758450
1758451
611572
1758452
611573
1758453
1758454
1758455
611576
1758456
1758457
1758458
1758459
1758460
1758461
611582
1758462
611583
1758463
611584
1758464
1758465
1758466
1758467
1758468
1758469
1971473
1971474
1971475
742676
1971476
1971477
1971478
1971479
1971480
1971481
1905945
1971482
1905946
1971483
1905947
1971484
1905948
169244
2102557
1971485
1905949
1971486
1905950
1971487
1905951
1971488
1905952
1971489
1905953
1971490
1905954
1971491
1905955
1971492
1905956
1971493
1905957
1971494
1905958
1971495
1905959
1971496
1905960
1971497
1905961
1905962
1905963
1905964
1905965
1905966
1905967
1905968
1905969
169303
169304
2217334
2217335
2217336
2217337
2217338
2217339
2217340
2217341
2217342
2217343
2217344
2217345
2217346
2217347
2217348
2217349
2217350
2217351
2217352
2217353
2217354
2217355
2217356
2217357
1676695
611750
611751
611754
611760
611761
611762
2119106
1840587
1840588
2184739
1824313
611903
611904
1644098
611907
1644099
1644100
1644101
1644102
1644103
1644104
611913
1644105
611914
1644106
611915
1644107
1644108
1644109
1644110
1644111
1644112
1644113
1644114
1644115
1644116
1644117
1644118
1644119
1644120
1644121
1693310
2102911
1693311
1693312
2037377
1693313
2037378
1693314
2037379
1693315
2037380
1693316
2037381
1693317
2037382
1693318
2037383
1693319
2037384
1693320
2037385
1693321
2037386
1693322
2037387
1693323
2037388
1693324
2037389
1693325
2037390
1693326
2037391
1693327
2037392
1693328
2037393
1693329
2037394
1693330
2037395
1693331
2037396
1693332
2037397
1693333
2037398
2037399
2037400
2037401
612064
612065
612070
612086
612087
612088
2119440
677649
1840941
1840942
612251
1824667
612252
612253
612261
612262
612263
1759154
1759155
1759156
1759157
1759158
1759159
1759160
1759161
1759162
1759163
1759164
1759165
1759166
1759167
1759168
1759169
1759170
1759171
1759172
1759173
1759174
1759175
1759176
1759177
2103265
1972201
1972202
1972203
1972204
1972205
1972206
1972207
743407
1972208
1972209
743409
1906673
1972210
1906674
1972211
743411
1906675
1972212
1906676
1972213
743413
1906677
1972214
1906678
1972215
743415
1906679
1972216
1906680
1972217
1906681
1972218
743418
1906682
1972219
1906683
1972220
743420
1906684
1972221
1906685
1972222
743422
1906686
1972223
1906687
1972224
1906688
1972225
1906689
1906690
1906691
1906692
1906693
1906694
1906695
1906696
1906697
2218042
2218043
2218044
2218045
2218046
2218047
2218048
2218049
2218050
2218051
2218052
2218053
2218054
2218055
2218056
2218057
2218058
2218059
612427
2218060
612428
2218061
612429
2218062
2218063
2218064
2218065
612441
612442
612443
1841295
1841296
2054384
1825021
1644806
1644807
1644808
1644809
1644810
1644811
1644812
1644813
1644814
1644815
1644816
1644817
1644818
1644819
1644820
1644821
612630
1644822
612631
1644823
1644824
1644825
1644826
1644827
612636
1644828
612637
1644829
1694018
2103619
1694019
1694020
1694021
1694022
1694023
1694024
661833
1694025
661834
1694026
1694027
1694028
1694029
1694030
1694031
1694032
1694033
1694034
1694035
1694036
1694037
1694038
1694039
1694040
2038105
1694041
2038106
2038107
2038108
2038109
2038110
2038111
2038112
2038113
2038114
2038115
2038116
2038117
2038118
2038119
2038120
2038121
2038122
2038123
2038124
2038125
2038126
2038127
2038128
2038129
612804
612805
612810
612811
2120153
2120154
2120155
2120156
2120157
2120158
2120159
2120160
2120161
2120162
2120163
2120164
2120165
2120166
2120167
2120168
2120169
2120170
2120171
2120172
2120173
2120174
2120175
2120176
2120177
1776159
1776160
2054718
612952
612953
612958
612959
1825375
1759862
1759863
1759864
1759865
1759866
1759867
1759868
1759869
1759870
1759871
1759872
1759873
1759874
1759875
1759876
1759877
1759878
1759879
1759880
1759881
137865
1759882
137866
1759883
1759884
1759885
137875
137876
137877
137880
137881
137884
137885
1972929
1972930
1972931
1972932
1972933
1972934
1972935
1972936
1972937
1907401
1972938
1907402
1972939
1907403
1972940
1907404
1972941
1907405
1972942
1907406
1972943
1907407
1972944
1907408
1972945
1907409
1972946
1907410
2038483
1972947
1907411
1972948
1907412
1972949
1907413
1972950
1907414
1972951
1907415
1972952
1907416
1972953
1907417
1907418
1907419
1907420
1907421
1907422
1907423
1907424
1907425
137955
137956
137958
613097
613098
613109
1645302
1645303
2218750
2218751
2218752
2218753
2218754
2218755
2218756
2218757
2218758
2218759
2218760
2218761
2218762
2218763
2218764
2218765
2218766
2218767
2218768
2218769
2218770
2218771
2218772
2218773
138015
138016
138017
138020
1841990
1841991
1841992
1841993
1841994
1841995
1841996
1841997
1841998
1841999
1842000
1842001
1842002
1842003
1842004
1842005
1842006
1842007
1842008
1842009
1842010
1842011
1842012
1842013
613243
613244
1776513
1776514
613251
138120
138121
2055052
138127
138128
138131
678813
138144
138145
138164
138165
138190
1760239
154615
154616
154617
154621
154625
154629
1694726
1694727
1694728
154633
1694729
1694730
1694731
1694732
154637
1694733
1694734
1694735
1694736
154641
1694737
1694738
1694739
1694740
1694741
1694742
1694743
1694744
1694745
1694746
154651
1694747
154652
1694748
154653
1694749
154657
613410
613411
154661
613414
154665
154669
154673
2038837
154683
154684
154685
154689
154693
154697
154701
154705
1645657
154715
154716
154717
154721
138341
154725
154729
154733
154737
154741
154752
154754
154757
154759
154763
154767
154771
154775
154779
613539
613540
613542
2120881
2120882
2120883
2120884
2120885
2120886
2120887
2120888
2120889
2120890
2120891
2120892
2120893
2120894
2120895
2120896
2120897
2120898
2120899
2120900
2120901
2120902
2120903
2120904
2120905
2055386
89310
89313
89314
1776867
89315
1776868
89317
89319
154866
154867
154868
154874
154875
154880
154881
154882
154888
154889
154918
154919
154924
154925
1760593
89459
89461
89463
89464
155017
155018
155029
155030
2039191
1973657
1973658
1973659
1973660
1973661
1973662
1973663
1973664
1973665
1908129
1973666
1908130
1973667
1908131
1973668
1908132
1973669
1908133
1973670
1908134
1973671
1908135
1973672
1908136
1973673
1908137
1973674
1908138
1973675
1908139
1973676
1908140
1973677
1908141
1973678
1908142
1973679
1908143
1973680
1908144
1973681
1908145
1908146
1908147
1908148
1908149
1908150
1908151
1908152
1908153
171450
171451
1646011
2219458
2219459
2219460
2219461
2219462
2219463
2219464
2219465
2219466
2219467
2219468
2219469
2219470
2219471
2219472
2219473
2219474
2219475
2219476
2219477
2219478
2219479
2219480
2219481
1842698
155146
1842699
155147
1842700
1842701
1842702
1842703
1842704
1842705
1842706
155154
1842707
155155
1842708
1842709
1842710
1842711
1842712
1842713
1842714
1842715
1842716
1842717
1842718
1842719
1842720
1842721
2055720
138797
138799
138800
138804
138808
138812
138816
138820
1777221
1777222
138824
138828
613971
613972
613974
155281
155284
155285
155291
155292
155295
1760947
1695434
1695435
1695436
1695437
1695438
1695439
1695440
1695441
1695442
1695443
1695444
1695445
1695446
1695447
1695448
1695449
1695450
1695451
1695452
1695453
1695454
1695455
1695456
1695457
2039545
1646365
155458
155459
155462
155468
155469
155470
139122
139123
139124
139127
139128
139131
139132
139134
2121609
2121610
2121611
2121612
2121613
2121614
2121615
2121616
2121617
2121618
2121619
2121620
2121621
2121622
2121623
2121624
2121625
2121626
2121627
2121628
2121629
2121630
2121631
2121632
2121633
1777575
1777576
810952
810955
810957
810959
614354
614355
810964
614357
810966
810968
810970
139252
139253
139255
155642
139260
139261
155645
155646
155652
155653
155654
1990664
1761301
139321
139323
139325
2039899
1974385
1974386
1974387
1974388
1974389
1974390
1974391
1974392
1974393
1908857
1974394
1908858
1974395
1908859
1974396
1908860
1974397
1908861
1974398
1908862
172158
1974399
1908863
172159
1646719
1974400
1908864
1974401
1908865
1974402
1908866
1974403
1908867
139395
1974404
1908868
1974405
1908869
139397
2220166
1974406
1908870
2220167
1974407
1908871
2220168
1974408
1908872
2220169
1974409
1908873
2220170
1908874
2220171
1908875
2220172
1908876
2220173
1908877
2220174
1908878
2220175
1908879
2220176
1908880
2220177
1908881
2220178
2220179
2220180
2220181
2220182
2220183
2220184
2220185
2220186
2220187
2220188
2220189
155816
155819
155820
155826
155827
155828
1843406
1843407
1843408
1843409
1843410
1843411
139476
1843412
1843413
1843414
139479
1843415
139480
1843416
1843417
1843418
1843419
1843420
1843421
1843422
1843423
1843424
1843425
1843426
1843427
1843428
1843429
2056433
2056434
2056435
2056436
2056437
2056438
2056439
2056440
2056441
2056442
2056443
2056444
2056445
2056446
2056447
2056448
2056449
2056450
2056451
2056452
2056453
2056454
2056455
2056456
2056457
1712439
1712440
1990998
614761
614762
614764
1761655
1696142
1696143
1696144
1696145
1696146
1696147
1696148
1696149
1696150
1696151
1696152
1696153
156058
1696154
1696155
1696156
1696157
1696158
1696159
1696160
1696161
1696162
1696163
1696164
1696165
156106
1647073
1974763
156159
156216
1778270
1778271
1778272
2122337
1778273
2122338
1778274
2122339
1778275
2122340
1778276
2122341
1778277
2122342
1778278
2122343
1778279
2122344
1778280
2122345
1778281
2122346
1778282
2122347
1778283
2122348
1778284
2122349
1778285
2122350
1778286
2122351
1778287
2122352
1778288
2122353
1778289
2122354
1778290
2122355
1778291
2122356
1778292
2122357
1778293
2122358
2122359
2122360
2122361
680589
156304
1712793
1712794
1991332
1696519
156426
172835
172836
1647427
615237
615239
2220874
2220875
2220876
2220877
1975117
2220878
2220879
2220880
2220881
1909585
2220882
1909586
2220883
1909587
2220884
1909588
2220885
1909589
2220886
1909590
2220887
1909591
2220888
1909592
2220889
1909593
2220890
1909594
2220891
1909595
2220892
1909596
2220893
1909597
2220894
1909598
2220895
1909599
2220896
1909600
2220897
1909601
1909602
1909603
1909604
1909605
1909606
1909607
1909608
1909609
156556
156558
156560
1844114
1844115
1844116
1844117
1844118
1844119
1844120
1844121
1844122
1844123
1844124
1844125
1844126
1844127
1844128
1844129
1844130
1844131
1844132
1844133
1844134
1844135
1844136
1844137
140230
140231
140232
2057161
2057162
2057163
2057164
2057165
2057166
2057167
2057168
2057169
2057170
2057171
2057172
2057173
2057174
2057175
2057176
2057177
140249
2057178
140250
2057179
140251
2057180
2057181
2057182
140254
2057183
140255
2057184
2057185
1991666
1713147
1713148
812078
812082
812086
812090
812094
812098
812102
156752
156753
156755
140382
140383
140386
1696873
1647781
1975471
2139344
812272
812276
615669
615670
812280
812284
812288
812292
812296
156948
156949
156951
1778978
1778979
1778980
1778981
1778982
1778983
1778984
1778985
1778986
1778987
1778988
1778989
1778990
1778991
1778992
1778993
1778994
1778995
1778996
1778997
1778998
1778999
1779000
2123065
1779001
2123066
2123067
2123068
2123069
2123070
2123071
2123072
1992000
2123073
2123074
1910082
2123075
1910083
2123076
2123077
2123078
2123079
2123080
2123081
2123082
2123083
2123084
2123085
2123086
2123087
2123088
2123089
1713501
1713502
91489
91490
91491
91492
91509
91510
91511
91514
91515
812484
812488
1697227
812492
812496
812500
812504
812508
157152
812512
157153
157155
1861119
1861120
1648135
2221582
2221583
2221584
2221585
1975825
2221586
2221587
2221588
2221589
2221590
2221591
2221592
2221593
2221594
2221595
2221596
2221597
2221598
2139678
2221599
2221600
2221601
2221602
2221603
2221604
2221605
1844822
1844823
1844824
1844825
1844826
1844827
1844828
1844829
1844830
1844831
1844832
1844833
1844834
1844835
1844836
1844837
1844838
1844839
1844840
1844841
1844842
1844843
1844844
1844845
2057889
2057890
2057891
2057892
2057893
1910437
2057894
2057895
157351
2057896
157352
2057897
2057898
157354
2057899
2057900
2057901
2057902
2057903
2057904
812720
2057905
2057906
2123443
2057907
2057908
812724
2057909
2057910
140983
2057911
140984
2057912
812728
2057913
812732
1713855
616128
812736
1713856
173761
140994
140995
173763
173764
812740
173769
173770
157388
173773
157389
141007
141008
141039
141040
157485
1697581
157488
157491
141132
141133
173908
173910
173915
173916
173919
1861473
1861474
1648489
2140012
1976179
141212
141213
141214
141224
141225
174028
174030
1845199
174035
174036
174039
1779686
1779687
1779688
1779689
1779690
1779691
1779692
1779693
1779694
1779695
1779696
1779697
141298
1779698
141299
1779699
1779700
1779701
1779702
1779703
1779704
1779705
1779706
1779707
1779708
1779709
1910791
1992713
1992714
1992715
1992716
1992717
1992718
1992719
1992720
1992721
1992722
1992723
1992724
2123797
1992725
1992726
1992727
1992728
1992729
1992730
1992731
616475
1992732
1992733
1992734
1992735
1992736
1992737
1697935
2140346
1861827
1861828
108742
108743
108744
108745
1648843
2222290
2222291
2222292
2222293
2222294
2222295
2222296
2222297
2222298
2222299
2222300
2222301
2222302
2222303
2222304
2222305
2222306
2222307
2222308
2222309
2222310
2222311
2222312
2222313
108829
108830
108831
1845553
141641
141642
141673
1911145
141674
1714550
2124151
1714551
1714552
2058617
1714553
2058618
1714554
2058619
1714555
2058620
1714556
2058621
1714557
2058622
1714558
2058623
1714559
2058624
1714560
2058625
1714561
2058626
1714562
2058627
1714563
2058628
1714564
2058629
1714565
2058630
1714566
2058631
1714567
2058632
1714568
2058633
1714569
2058634
1714570
2058635
1714571
2058636
1714572
2058637
1714573
2058638
2058639
125327
2058640
2058641
125329
158114
158118
158119
141741
141757
158208
158209
158210
2140680
1862181
1862182
1845907
1780394
1780395
1780396
1780397
1780398
1780399
1780400
1780401
2190002
1780402
1780403
1780404
1780405
1780406
1780407
1780408
1780409
1780410
1780411
1780412
1780413
1780414
1780415
1780416
1780417
1911499
2124505
1993441
1993442
1993443
1993444
1993445
1993446
1993447
1993448
1993449
1993450
1993451
1993452
1993453
1993454
1993455
1993456
1993457
1993458
1993459
1993460
1993461
1993462
1993463
1993464
1993465
174873
174921
174922
174923
1862535
1862536
2222998
174998
2222999
174999
2223000
175000
2223001
2223002
2223003
158619
2223004
158620
2223005
2223006
2223007
2223008
2223009
2223010
2223011
2223012
2223013
2223014
2223015
2223016
2223017
2223018
2223019
2223020
2223021
1633245
1633246
1633247
2075624
1846261
1911853
617521
617524
617526
617528
1715258
2124859
1715259
1715260
1715261
1715262
1715263
1715264
1715265
1715266
1715267
1715268
1715269
1715270
1715271
1715272
1715273
1715274
1715275
1715276
1715277
1715278
1715279
1715280
2059345
1715281
2059346
2059347
2059348
2059349
2059350
2059351
2059352
2059353
2059354
2059355
2059356
2059357
2059358
2059359
2059360
2059361
2059362
2059363
2059364
2059365
2059366
2059367
2059368
2059369
175310
175311
175312
2141393
175313
2141394
2141395
2141396
2141397
2141398
2141399
2141400
2141401
2141402
2141403
2141404
2141405
2141406
2141407
2141408
2141409
2141410
2141411
2141412
2141413
2141414
2141415
2141416
2141417
1797399
1797400
142619
142620
175388
175389
142622
175390
142624
142626
142628
2075958
142646
142652
142654
142656
142658
1633605
1633606
1846615
1781102
1781103
1781104
1781105
1781106
1781107
1781108
1781109
2223478
1781110
2223479
1781111
2223480
1781112
2223481
1781113
2223482
1781114
2223483
1781115
2223484
1781116
2223485
1781117
2223486
1781118
2223487
1781119
2223488
1781120
2223489
1781121
1781122
1781123
1781124
1781125
1912207
1994169
1994170
1994171
1994172
1994173
1994174
159166
1994175
1994176
1994177
159169
1994178
159170
1994179
159171
1994180
159172
1994181
1994182
1994183
1994184
1994185
1994186
2059723
1994187
1994188
1994189
1994190
1994191
1994192
1994193
159190
159191
159192
159195
159196
159197
159272
159273
159274
159290
159291
159292
1863230
159295
1863231
159296
1863232
1863233
1863234
1863235
1863236
1863237
1863238
1863239
1863240
1863241
1863242
1863243
1863244
1863245
1863246
1863247
1863248
1863249
1863250
650835
175699
1863251
175700
1863252
175701
1863253
1797753
1797754
2076292
159365
159366
159367
142997
142998
159383
159384
159385
159388
159389
175777
175778
175779
175780
143014
143015
1633959
1633960
143020
143045
143046
2223833
1781479
1912561
1715966
1715967
1715968
1715969
1715970
1715971
1715972
1715973
1715974
1715975
1715976
1715977
1715978
1715979
1715980
1715981
1715982
1715983
1715984
1715985
1715986
1715987
1715988
1715989
143139
143142
143143
2060077
2142121
2142122
2142123
2142124
2142125
2142126
2142127
2142128
2142129
2142130
2142131
2142132
2142133
2142134
2142135
2142136
2142137
2142138
2142139
2142140
2142141
2142142
2142143
2142144
2142145
2076626
1798107
1798108
143336
143337
1634313
1634314
143402
143403
143412
143413
2224187
1781833
1912915
2060431
1994897
1994898
1994899
1994900
1994901
1994902
1994903
1994904
1994905
1994906
1994907
1994908
1994909
1994910
1994911
1994912
1994913
1994914
1994915
1994916
1994917
1994918
1994919
1994920
1994921
1863938
1863939
1863940
1863941
1863942
1863943
1863944
1863945
1863946
1863947
1863948
1863949
1863950
1863951
1863952
1863953
1863954
1863955
1863956
1863957
1863958
1863959
1863960
1863961
2076960
1798461
1798462
1634667
1634668
2224541
1782187
1913269
1716674
1716675
1716676
1716677
1716678
1716679
1716680
1716681
1716682
1716683
1716684
1716685
1716686
1716687
1716688
1716689
1716690
1716691
1716692
1716693
1716694
1716695
1716696
1716697
2060785
1946174
1946175
635469
635472
635473
635474
635492
635493
635494
635497
635498
2142849
2142850
2142851
2142852
2142853
2142854
2142855
2142856
2142857
2142858
2142859
2142860
2142861
2142862
2142863
2142864
2142865
2142866
2142867
2142868
2142869
2142870
2142871
2142872
2142873
1798815
1798816
1635021
1635022
2224895
2011904
1782541
1913623
635718
635719
635720
2061139
635737
635738
635739
635742
635743
1995625
1995626
1995627
1995628
1995629
1995630
1995631
1995632
1995633
1995634
1995635
1995636
1995637
1995638
1995639
1995640
1995641
1995642
1995643
1995644
1995645
1995646
1995647
1995648
1995649
1946514
619437
619438
619440
619446
1864646
1864647
1864648
1864649
1864650
1864651
1864652
1864653
1864654
1864655
1864656
1864657
1864658
1864659
1864660
1864661
1864662
1864663
1864664
1864665
1864666
1864667
1864668
1864669
2077673
2077674
2077675
2077676
2077677
2077678
2077679
2077680
2077681
2077682
2077683
2077684
2077685
2077686
2077687
2077688
2077689
2077690
2077691
2077692
2077693
2077694
2077695
2077696
2077697
1733679
1635375
1733680
1635376
635973
635974
635975
635976
2012238
635993
635994
635995
635998
635999
636000
2225249
160867
160868
160869
1782895
1717382
1717383
1717384
1717385
1717386
1717387
1717388
1717389
1717390
1717391
1717392
1717393
1717394
1717395
1717396
1717397
1717398
1717399
1717400
1717401
1717402
1717403
1717404
1897629
1717405
1897630
160938
160939
1946848
1996003
619840
619841
734536
734538
734539
734541
734544
734548
636245
1799510
1799511
734552
1799512
2143577
1799513
2143578
1799514
2143579
1799515
2143580
734556
1799516
2143581
1799517
2143582
1799518
2143583
1799519
2143584
734560
1799520
2143585
1799521
2143586
1799522
2143587
1799523
2143588
734564
1799524
2143589
1799525
2143590
1799526
2143591
1799527
2143592
1799528
2143593
1799529
2143594
1799530
2143595
1799531
2143596
1799532
2143597
1799533
2143598
2143599
2143600
2143601
1897869
1734033
1635729
1734034
1635730
2012572
636344
636345
2225603
734661
734662
734666
734670
734674
734678
734682
636414
636415
1717759
1947182
734783
734784
734788
1996357
734792
734796
734800
734804
734808
1865354
1865355
1865356
1865357
1865358
1865359
1865360
1865361
1865362
1865363
1865364
1865365
1865366
1865367
1865368
1865369
1865370
1865371
1865372
1865373
1865374
1865375
1865376
1865377
652976
734905
734906
161469
734910
161470
161471
2078401
2078402
734914
2078403
620227
2078404
620228
2078405
2078406
734918
2078407
2078408
2078409
2078410
734922
2078411
2078412
2078413
2078414
734926
2078415
2078416
2078417
2078418
2078419
2078420
2078421
2078422
2078423
653016
2078424
2078425
653019
653020
2012906
636651
636652
1734387
1636083
1734388
1636084
161534
161535
751393
751394
751395
2225957
636715
636716
735023
735024
735028
735032
735036
735040
735044
1718113
1947516
1996711
735145
735146
735150
735154
735158
735162
735166
751552
751553
735170
751554
2160584
1800218
1800219
1800220
1800221
1800222
1800223
1800224
1800225
1800226
735267
1800227
735268
1800228
1800229
1800230
1800231
735272
1800232
1800233
1800234
1800235
735276
1800236
1800237
1800238
1800239
735280
1800240
2144305
1800241
2144306
2144307
2144308
735284
2144309
2144310
2144311
2144312
2013240
735288
2144313
2144314
2144315
2144316
2144317
620605
2144318
620606
1898558
2144319
1898559
2144320
1898560
2144321
1898561
2144322
1898562
2144323
1898563
2144324
1898564
2144325
1898565
2144326
1898566
2144327
1898567
2144328
1898568
2144329
1898569
1898570
1898571
751691
1898572
1898573
1898574
1898575
1898576
1898577
1898578
1898579
1898580
1898581
1734741
1636437
1734742
1636438
2226311
735390
735393
735397
735401
735405
735409
161969
161970
161971
735413
735417
1718467
1947850
637168
637169
162035
162036
1882359
1882360
1997065
2160918
735529
145708
145709
145710
145711
637232
637233
1866062
1866063
1866064
1866065
1866066
1866067
1866068
1866069
1866070
1866071
1866072
1866073
1866074
1866075
1866076
1866077
1866078
1866079
1866080
1866081
1866082
1866083
1866084
1866085
145791
145792
145793
2079129
2079130
2079131
2079132
2079133
2079134
2079135
2079136
2079137
2079138
2079139
2079140
2079141
2079142
2079143
2079144
2079145
2079146
2144683
2079147
2079148
2079149
2079150
2079151
2079152
620976
2079153
620977
1735095
1636791
1735096
1636792
653793
653798
653800
2226665
653802
653804
653812
653814
653816
653818
1948184
1899038
1899039
1899040
1899041
1899042
1899043
1899044
1899045
1718821
1899046
1899047
1899048
1899049
1882713
1882714
2161252
1997419
1866439
654025
654026
1800926
1800927
1800928
1800929
1800930
1800931
1800932
1800933
1800934
1800935
1800936
1800937
1800938
1800939
1800940
1800941
1800942
1800943
1800944
1800945
1800946
1800947
1800948
1800949
654072
654073
146173
2013953
2013954
2013955
2013956
146181
2013957
2013958
2013959
2013960
2013961
2013962
2013963
2013964
2145037
2013965
2013966
2013967
2013968
2013969
2013970
2013971
2013972
2013973
2013974
2013975
2013976
2013977
621345
621346
654126
654127
1669959
1669960
2227019
1948518
1719175
1899403
2161586
1883067
1883068
736224
736269
736272
736273
736279
736282
1866793
146479
736352
736353
736354
1735790
2145391
1735791
1735792
2079857
1735793
2079858
1735794
2079859
1735795
2079860
1735796
2079861
1735797
2079862
1735798
2079863
1735799
2079864
1735800
2079865
1735801
2079866
1735802
2079867
1735803
2079868
1735804
2079869
1735805
2079870
1735806
2079871
1735807
2079872
1735808
2079873
1735809
2079874
1735810
2079875
1735811
2079876
1735812
2079877
1735813
2079878
2079879
2079880
2079881
621707
621709
621712
1670313
146602
1670314
146604
2227373
654510
146606
654511
146608
146610
1948852
146625
146627
146629
654564
654565
146666
736508
736510
736512
2161920
736514
736523
736525
736527
736529
1883421
1883422
671016
671017
671021
671023
671024
671029
671030
736567
146744
671033
1637714
1637715
1637716
1637717
1637718
1637719
1637720
1637721
1637722
1637723
1637724
1637725
1637726
1637727
1637728
1637729
736610
1637730
1637731
1637732
1637733
736613
1637734
1637735
1637736
736616
1637737
736617
1637738
1637739
1637740
1637741
1637742
1637743
1637744
1637745
1637746
1637747
1637748
1637749
671105
671107
671112
671113
1867147
671116
1801634
1801635
1801636
1801637
1801638
1801639
1801640
1801641
1801642
1801643
1801644
1801645
1801646
1801647
1801648
1801649
1801650
1801651
1801652
1801653
1801654
1801655
1801656
1801657
2145745
2014681
2014682
2014683
2014684
2014685
2014686
2014687
2014688
2014689
2014690
2014691
2014692
2014693
2014694
2014695
2014696
2014697
2014698
2014699
2014700
2014701
2014702
2014703
2014704
2014705
671231
671233
1949186
671238
671241
671242
1670667
1670668
163389
1883775
1883776
2211458
2211459
147084
654993
654994
655047
655048
2096864
1867501
737065
1736498
2146099
1736499
1736500
1736501
1736502
1736503
1736504
1736505
1736506
1736507
1736508
1736509
1736510
1736511
1736512
1736513
1736514
1736515
1736516
1736517
1736518
1736519
1736520
2080585
1736521
2080586
2080587
2080588
2080589
2080590
2080591
2080592
1949520
2080593
2080594
2080595
2080596
2080597
2080598
2080599
2080600
2080601
2080602
2080603
2080604
2080605
2080606
2080607
2080608
2080609
1671021
1671022
2162633
2162634
2162635
2162636
2162637
2162638
2162639
2162640
2162641
2162642
2162643
2162644
2162645
2162646
2162647
2162648
2162649
2162650
2162651
2162652
2162653
2162654
2162655
2162656
2162657
2211812
2211813
)
;
    slaveStickOutFaces List<label> 
2964
(
1818639
1818640
1638435
1638436
2097198
1638457
1867855
1802343
1802344
1802365
2015410
2015411
2080963
655555
655557
655558
655559
164039
2015432
2015433
1671375
1671376
655575
655576
655590
655591
655592
655606
655609
655610
655623
655625
655626
655627
737549
655642
1884471
1884472
2212166
2212167
1884493
1818993
1818994
2097532
737679
737681
737683
197020
197042
197065
1802719
754149
754150
754151
1737207
1737208
197113
1737229
1950234
1950235
2081317
1950256
1950257
2163362
2163363
2212520
2212521
2163384
2163385
2261705
2097866
1819347
1819348
1639143
1639144
1639165
164630
672550
672551
1803073
2261825
754511
754512
672644
672645
1672071
2081671
1672072
2016138
2016139
1672093
2016160
2016161
181155
181163
181164
181171
181178
181183
181184
181188
623563
623566
623567
197583
672732
672733
181236
181237
181239
181240
1885179
1885180
623615
623616
623617
2212874
2212875
1885201
2098200
2262045
181293
623662
623663
623664
181299
672820
181300
1819701
181301
1819702
181306
181355
181357
181358
181365
181371
181372
181374
181375
164997
164999
165001
165002
165005
2262165
1803427
197800
181428
181429
181431
181432
165048
754872
165049
754873
165051
1737915
1737916
181441
181448
181453
181454
1737937
181458
165093
165094
165096
2082025
1950962
1950963
181506
181507
181509
1950984
1950985
165136
2213228
2213229
2164090
2164091
2164112
2164113
1820055
1820056
1639851
1639852
1639873
2033144
1803781
2262545
755240
1672779
2082379
1672780
165459
165461
165462
738903
738904
738905
165465
165470
1672801
738913
2016866
165474
2016867
738917
165478
165482
165486
165490
2016888
2016889
1885887
1885888
165569
165572
2213582
2213583
1885909
1902294
1902295
1902296
2098914
2098915
2262765
1902327
2098936
1902328
2098937
1902329
1754919
1754920
2033478
2262885
1804135
1738623
1738624
624524
624527
165779
165780
1738645
165783
165785
1951690
1951691
2017243
1951712
1951713
165889
641035
2213936
2213937
1820751
1820752
2164818
2164819
1820773
2164840
2164841
1640559
1640560
1640581
1755273
1755274
166035
2033812
166036
166038
166040
166064
166068
166070
166072
166074
1738999
739582
739589
739591
1673487
739599
1673488
739600
739603
739610
1673509
2017597
1886595
1886596
100744
100748
100753
2214290
100755
2214291
100757
100759
1886617
133532
133533
133534
133536
133538
133540
2099642
1903034
2099643
1903035
100800
100801
100803
100805
100807
1903056
2099664
1903057
2099665
2034146
1755627
1755628
199152
674294
674348
674349
674350
674351
1739353
674438
674439
674440
133777
2017951
1952418
1952419
1952440
1952441
2181824
2214644
2214645
1821459
1821460
1821481
2165546
2165547
641835
2034480
1641267
1641268
2263865
2247484
2247485
2165568
2247488
2165569
2247489
2247496
1641289
2247499
1755981
1755982
2247516
2247521
2247528
2247531
2247554
2247563
1739707
1674195
1674196
183267
199657
1674217
183275
183276
199660
199662
199664
199666
183283
199670
199672
183290
199674
199676
199678
183295
183296
2018305
183300
2182158
199701
199704
199706
199708
199710
199714
199716
199718
199720
183342
183343
183345
183346
199745
199748
199750
1887303
1887304
199752
199757
199759
199761
199763
2214998
2214999
2247772
2247773
1887325
2247776
2247779
2247782
183399
2247785
183405
183406
183407
2247792
183412
2247801
2247804
2247807
2247810
2247817
2100370
1903762
2100371
1903763
183455
183457
183458
2165923
1903784
2100392
1903785
2100393
183465
183471
1756335
183472
1756336
183474
183475
183528
183529
183531
183532
183541
183548
183553
183554
183558
1969424
1740061
183600
183601
183603
2215233
2182492
2018659
1953146
1953147
1953168
1953169
1887679
1822167
1822168
675299
675300
675301
1822189
1641975
1641976
2035194
2035195
2166277
1641997
2035216
2035217
609835
609836
609838
609839
609840
609842
609843
609844
675385
675386
675387
675388
1691199
1691200
1969758
1740415
1674903
1674904
167581
167582
167585
167591
167592
2182826
1674925
167606
167607
167623
167624
167625
167638
610007
167639
610009
610013
610014
167646
167647
167661
167662
167665
1953523
167671
167672
659195
659199
659200
659201
659202
659204
167685
659220
659222
659224
659225
102173
102176
659233
1888033
102177
659234
659236
102181
659250
659253
659255
659256
659258
659260
659262
659263
659270
659272
659280
659282
659283
2166631
1757031
1757032
2101098
1904490
2101099
1904491
1757053
1904512
2101120
1904513
2101121
1691553
1691554
1970092
659373
659374
2215919
2183160
2215940
2215941
1675279
626722
643120
1953877
1888387
1822875
1822876
1822897
1642683
1642684
2166985
1642705
2035922
2035923
2035944
2035945
1970426
1691907
168195
1691908
168196
168204
168205
168215
168216
168224
168225
168231
168232
168233
168239
168240
168248
168249
168250
168252
168253
168263
168264
1675633
1954231
676284
676285
676286
201165
201166
201168
201171
201174
2118104
201180
201184
201185
1888741
201190
201193
201196
201198
201200
774644
774646
774652
774656
774660
774664
774668
676367
774672
676368
676369
774676
610858
2167339
610859
1757739
610860
1757740
610862
1757761
2101826
1905218
2101827
1905219
610885
610886
610887
1970760
610889
1905240
2101848
2101849
1905241
1692261
1692262
610925
610926
610928
610929
610930
610931
610933
610947
610948
610950
610951
610959
610960
610961
610968
610969
610971
610972
184992
184995
610981
610982
610984
774827
774831
185007
774835
2216627
185014
774839
774843
185019
185020
774847
185024
2183874
774851
2183875
2216648
2216649
1675987
2183896
2183897
185061
185063
185069
185070
1839879
1839880
1954585
185123
2118438
774952
185129
185130
185131
774956
774960
185136
774964
168758
168759
774968
774972
168767
774976
168768
168769
774980
1889095
168781
168782
185174
168790
185175
168791
168792
185182
168799
1823583
168800
1823584
168801
185189
185191
168808
185192
168809
185198
185199
611185
168817
611186
168818
168819
168821
1823605
611190
168822
168823
611193
611198
1643391
1643392
611202
168835
168836
611206
611210
611214
611218
1643413
185252
742309
185253
742310
742311
185255
185256
742313
2036650
2036651
185265
742327
742328
185272
742330
2102203
185277
185278
2036672
2036673
185282
742341
742343
1692615
1692616
742345
742347
742349
742352
742353
742355
742357
185324
185325
185327
742385
742387
742389
742391
742394
742395
742397
742399
742401
136200
136201
742425
742427
742429
742431
742433
611361
611362
742436
611366
742438
742440
611370
742442
611374
660527
660528
611378
1676341
611382
611386
611390
775245
742477
742478
775248
775249
775256
742489
775258
742490
742491
742494
742495
742497
742498
1840233
1840234
742509
742510
742511
742514
742515
2118772
611446
611447
1954939
611451
611455
611459
611463
611467
611471
742545
742547
742554
742555
742556
611485
611489
611493
611497
611501
742576
611505
742578
611509
2184374
611515
611516
611518
611519
611520
611521
2184385
611522
611524
742600
742601
742603
1823959
742624
742632
742633
742635
742637
742638
1758447
1758448
742644
611572
611573
611574
742648
611576
611577
742649
611578
611579
742652
611581
611582
611583
611584
611585
742658
1758469
742662
742663
742668
742671
1971474
742674
1971475
742676
742678
1905946
169243
1905947
169244
2102557
169252
169253
169254
1971496
1971497
1905968
1905969
169266
169267
169275
169276
169277
742722
169284
742725
169285
169286
742731
169293
169294
742735
742736
742741
169302
169303
742744
169304
169306
169307
742747
169308
742750
169320
169321
2217335
2217356
2217357
677265
677266
1676695
677271
677272
677278
677279
677284
677285
611750
611751
677288
611752
677289
677290
611754
611755
677292
611756
611757
611759
611760
611761
677298
611762
677299
611763
677306
677307
677313
677314
2119106
677315
677319
1840587
677324
1840588
677325
677330
677331
677332
677333
677335
677341
677342
677349
677350
677355
677356
677359
677364
677368
677375
677377
677378
677385
677392
677393
677399
677400
677405
2184739
1824313
611903
611904
611905
1644099
611907
1644100
611908
611909
611910
611912
611913
611914
611915
611916
677453
677454
677456
677457
1644121
1693311
2102911
1693312
2037378
2037379
677510
677511
677518
677519
677520
1693333
677526
2037400
2037401
677575
677577
677578
677585
677591
677592
677594
677595
612064
612065
612066
612067
612070
612075
612076
612077
612078
612079
612086
612087
612088
612089
612090
677648
2119440
677649
677651
677652
677661
677668
677669
677675
677676
1840941
1840942
677681
677729
677730
677732
612251
1824667
612252
612253
612254
612256
612257
612258
612260
612261
612262
612263
612264
1759155
1759156
1759177
2103265
1972202
1972203
743407
743409
1906674
1906675
743411
743413
743415
743418
743420
743422
1972224
1972225
1906696
1906697
2218043
612425
612427
612428
612429
612430
2218064
612433
2218065
612435
612436
612437
612441
612442
612443
612444
1841295
1841296
2054384
1825021
1644807
1644808
612628
612630
612631
612632
612634
612636
612637
1644829
1694019
2103619
1694020
661833
661834
1694041
2038106
2038107
2038128
2038129
612802
612804
612805
612806
612808
612810
612811
2120154
2120155
2120176
2120177
1776159
1776160
2054718
612950
612952
612953
612954
612956
612958
612959
1825375
1759863
1759864
137865
137866
137867
1759885
137875
137876
137877
137878
137880
137881
137884
678557
137885
678559
678560
678567
678574
678579
678580
678584
1972930
1972931
1907402
1907403
2038483
1972952
1972953
1907424
1907425
678626
678627
137955
137956
678629
678630
137958
613095
613097
613098
613099
613102
613104
613105
613109
1645302
613110
1645303
2218751
2218772
2218773
678683
138015
138016
678689
138017
678690
678691
138020
678696
1841991
1841992
678739
678741
678742
678749
1842013
678755
678756
678758
678759
613243
613244
613245
613247
613248
1776513
613250
1776514
613251
613252
138120
138121
2055052
138127
138128
138131
678812
678813
678815
678816
138144
138145
138146
678825
678832
138164
678837
138165
678838
138166
678842
138190
678884
678885
678887
1760239
154615
154616
154617
154621
154625
154629
1694727
1694728
154633
154637
154641
154651
154652
154653
1694749
154657
613410
613411
613413
154661
613414
613415
613416
154665
613418
154669
154673
2038837
154683
154684
154685
154689
154693
154697
154701
154705
1645657
154715
154716
154717
154721
154725
138341
154729
154733
154737
154741
154752
154754
154757
154759
154763
154767
154771
154775
154779
613539
613540
613542
2120882
2120883
2120904
2120905
2055386
89310
89313
89314
1776867
89315
1776868
89317
89319
154866
154867
154868
154870
154872
154874
154875
154876
154878
154880
154881
154882
154883
154885
154886
154888
154889
154916
154918
154919
154920
154922
154924
154925
1760593
89459
89461
89463
89464
155015
155017
155018
155019
155022
155024
155025
155029
155030
2039191
155031
1973658
1973659
1908130
1908131
1973680
1973681
1908152
1908153
171450
1646011
171451
2219459
2219480
2219481
728546
810473
810476
810477
810483
810490
810492
810495
155146
1842699
155147
1842700
155148
155150
155151
728593
155153
155154
155155
155156
1842721
2055720
138797
138799
138800
138804
138808
138812
138816
728643
138820
1777221
1777222
138824
138828
613971
613972
613974
155281
155282
155284
155285
155286
155287
155289
155290
155291
155292
155293
155295
728743
1760947
1695435
1695436
1695457
2039545
1646365
155458
155459
155460
155462
155463
155464
155465
155467
155468
155469
155470
155471
139122
139123
139124
139125
139127
139128
139129
139131
139132
139134
2121610
2121611
2121632
2121633
1777575
1777576
810952
810955
810957
810959
614354
614355
810964
614357
810966
810968
810970
139252
139253
139255
155642
155643
139260
139261
155645
155646
155647
155648
155649
155651
155652
155653
155654
155655
1990664
1761301
139321
139323
139325
2039899
745572
745573
1974386
1974387
1908858
1908859
172158
1646719
172159
139395
139397
2220167
1974408
1974409
1908880
1908881
2220188
2220189
155816
155817
155819
155820
155821
155822
155823
155825
155826
155827
155828
155829
1843407
1843408
139476
139479
139480
1843429
2056434
2056435
2056456
2056457
1712439
1712440
1990998
614761
614762
614764
1761655
1696143
1696144
680339
680341
680342
156058
680349
680356
1696165
680361
680362
680366
156106
680408
680410
680411
1647073
1974763
156159
680462
680468
680469
680470
680475
156216
680518
680520
680521
680528
680534
680535
680537
1778271
1778272
2122338
2122339
1778293
2122360
2122361
680588
680589
680591
680592
156304
680601
1712793
1712794
680608
1991332
680613
680614
680618
680660
680662
1696519
156426
172835
172836
1647427
615237
615239
2220875
1975117
1909586
1909587
2220896
2220897
1909608
1909609
156556
156558
156560
1844115
1844116
1844137
140230
140231
140232
2057162
2057163
140249
140250
140251
140254
140255
2057184
2057185
1991666
1713147
1713148
812078
812082
812086
812090
812094
812098
812102
156752
156753
156755
140382
140383
140386
1696873
1647781
1975471
2139344
812272
812276
615669
615670
812280
812284
812288
812292
812296
156948
156949
156951
1778979
1778980
1779001
2123066
2123067
1992000
1910082
1910083
2123088
2123089
1713501
1713502
91489
91490
91491
91492
91509
91510
91511
91514
91515
812484
812488
1697227
812492
812496
812500
812504
812508
157152
812512
157153
157155
1861119
1861120
1648135
2221583
1975825
2139678
2221604
2221605
1844823
1844824
1844845
2057890
2057891
1910437
157351
157352
157354
812720
140978
2123443
140979
812724
140980
140981
140983
2057912
812728
140984
2057913
812732
1713855
616128
812736
1713856
173761
140993
140994
173763
140995
173764
812740
140998
140999
173769
173770
157388
173773
157389
141006
141007
141008
141010
141011
141012
141021
141022
141039
141040
1697581
157485
157488
157491
141132
141133
173908
173910
173915
173916
173919
1861473
1861474
1648489
2140012
1976179
141212
141213
141214
141224
141225
174028
174030
1845199
174035
174036
174039
1779687
1779688
141298
141299
1779709
1910791
1992714
1992715
2123797
616475
1992736
1992737
174198
174199
1697935
2140346
1861827
1861828
108742
108743
108744
108745
1648843
174288
174289
174290
2222291
2222312
2222313
108829
108830
108831
174384
1845553
174385
174386
141641
141642
1911145
141673
141674
1714551
2124151
1714552
2058618
2058619
1714573
125327
2058640
2058641
125329
158114
158115
158118
158119
141740
141741
141743
141744
141750
141756
141757
141759
141760
141761
141769
158161
158162
158163
158166
158208
158209
158210
158211
2140680
1862181
1862182
1845907
1780395
1780396
2190002
1780417
1911499
2124505
1993442
1993443
1993464
1993465
174873
174921
174922
174923
1862535
1862536
174998
174999
2222999
175000
158619
158620
2223020
2223021
1633245
1633246
1633247
2075624
1846261
1911853
617521
617524
617526
617528
2124859
1715259
1715260
1715281
2059346
2059347
2059368
2059369
175310
175311
175312
175313
2141394
2141395
2141416
2141417
1797399
1797400
142619
142620
175388
175389
142622
175390
142624
142626
142628
2075958
142646
142652
142654
142656
142658
1633605
1633606
1846615
1781103
1781104
2223489
1781125
1912207
650657
650660
1994170
1994171
159166
159169
159170
159171
159172
2059723
650701
650702
650703
1994192
1994193
159190
159191
159192
159195
159196
159197
650744
650745
650785
650786
159272
159273
159274
159290
159291
159292
159295
1863231
159296
1863232
650835
175699
175700
650837
175701
1863253
650839
1797753
1797754
2076292
159365
159366
159367
142996
142997
142998
159383
159384
143000
159385
143001
143002
159388
159389
175777
175778
175779
143011
175780
143012
143014
1633959
143015
1633960
143018
143019
143020
143045
143046
2223833
1781479
1912561
1715967
1715968
1715989
143139
143142
143143
2060077
2142122
2142123
2142144
2142145
2076626
1798107
1798108
143336
143337
1634313
1634314
143402
143403
143412
143413
2224187
1781833
1912915
2060431
1994898
1994899
1994920
1994921
1863939
1863940
1863961
2076960
1798461
1798462
1634667
1634668
2224541
1782187
1913269
1716675
1716676
1716697
2060785
1946174
1946175
635469
635472
635473
635474
635492
635493
635494
635497
635498
2142850
2142851
2142872
2142873
1798815
1798816
1635021
1635022
2224895
2011904
1782541
1913623
635718
635719
635720
2061139
635737
635738
635739
635742
635743
1995626
1995627
1995648
1995649
1946514
619437
619438
619440
619446
1864647
1864648
1864669
2077674
2077675
2077696
2077697
1635375
1733679
1635376
1733680
635973
635974
635975
635976
2012238
635993
635994
635995
635998
635999
636000
2225249
160867
160868
160869
160871
160872
160873
160875
1782895
160887
160888
160889
160890
1717383
160904
1717384
160905
160906
160908
160919
160920
160922
160923
160924
1897629
160925
1717405
1897630
160938
160939
160940
160942
160943
160945
160956
160957
160958
1946848
1996003
619840
619841
734536
734538
734539
734541
734544
734548
636244
636245
636246
636247
1799511
734552
1799512
636249
2143578
2143579
734556
734560
734564
1799533
2143600
2143601
636283
636284
636285
636287
1897869
636304
1635729
1734033
636306
1635730
1734034
636307
2012572
636324
636325
636327
636335
636337
636338
636344
636345
636346
636348
636349
636351
2225603
734661
734662
734666
636363
636364
636365
734670
636366
734674
734678
734682
636380
636381
636382
636384
636395
636396
636398
636399
636400
636401
636414
1717759
636415
636416
636418
636419
636421
636432
636433
636434
1947182
734783
734784
734788
1996357
734792
734796
734800
734804
734808
1865355
1865356
652950
652951
652953
1865377
652967
652968
652969
652975
652976
652978
652979
734905
734906
652987
652988
652989
161469
734910
161470
161471
161473
2078402
734914
161474
2078403
620227
652995
620228
652996
161476
652997
734918
653000
653001
734922
734926
161486
161487
161488
161489
2078424
653016
2078425
653019
653020
161503
161504
161506
653029
653031
653032
653033
2012906
636651
161515
636652
161516
636653
161518
653039
636655
161519
653040
161520
636657
653041
161521
653042
1636083
1734387
653044
1636084
1734388
653045
636667
636668
653052
653053
636669
636670
161534
653055
161535
161536
161538
653060
161540
653061
653063
653064
636684
636685
161549
161550
636687
653071
161551
653072
653073
653075
653076
636696
636697
636699
636700
653084
653085
636701
636702
653086
751393
653089
751394
751395
751396
2225957
751398
751399
653095
751401
653097
751402
653098
636715
653099
636716
751404
636717
636719
735023
735024
653105
636721
735028
653110
653111
735032
653113
636730
653114
636731
636732
735036
735040
735044
653127
653128
653133
653134
653136
653141
653142
653144
1718113
653154
653155
653161
653162
653163
653167
653172
653174
653175
1947516
1996711
735145
735146
735150
735154
735158
735162
751550
735166
751552
751553
751554
735170
751555
751559
751560
2160584
751561
1800219
1800220
735267
735268
735272
735276
735280
1800241
2144306
2144307
735284
735288
2013240
620605
620606
1898559
1898560
2144328
2144329
751689
751691
1636437
1898581
1734741
1636438
1734742
2226311
735390
735393
735397
735401
735405
735409
161969
161970
161971
735413
161973
161974
161976
735417
161986
161987
1718467
161988
161990
1947850
162003
162004
162006
162015
162016
162017
162019
162020
162021
162022
637168
637169
637170
162035
637172
162036
162037
637174
1882359
162039
1882360
162041
637184
637185
637186
162050
637187
162051
162052
1997065
637201
637202
637204
2160918
637213
637214
637216
637217
637218
637219
735529
735531
145708
735533
145709
145710
145711
637232
637233
637234
637236
637238
637247
637248
637249
1866063
1866064
1866085
145791
145792
145793
2079130
2079131
2144683
620976
2079152
620977
2079153
1636791
1735095
1636792
1735096
653793
653798
653800
2226665
653802
653804
653812
653814
653816
653818
1948184
1899039
1718821
1882713
1882714
2161252
1997419
1866439
654024
654025
654026
654028
654029
654030
654039
654040
654047
1800927
654048
1800928
654049
654055
654056
654057
654062
654063
1800949
654071
654072
654073
146169
146170
654075
146171
654076
654077
146173
2013954
2013955
146180
146181
146183
654089
654090
2145037
654098
654099
654100
2013976
2013977
654107
654108
654109
621345
621346
654116
654117
654125
654126
654127
654129
654130
654131
654143
654144
1669959
1669960
2227019
1948518
1719175
1899403
2161586
1883067
1883068
736224
736239
736269
736270
736272
736273
736274
736275
736276
736278
736279
736280
736282
736283
736284
736286
1866793
146478
146479
146481
146482
146492
146493
736352
736353
736354
736356
736357
736358
736360
2145391
1735791
1735792
2079858
2079859
736378
736379
736380
1735813
2079880
2079881
736394
736395
621707
621709
736397
621712
736413
736414
736416
736417
1670313
146602
1670314
146604
2227373
654509
146606
654510
654511
146608
654513
146610
654514
654515
1948852
654527
654528
146625
146627
146629
654536
654537
654538
654545
654546
654547
654554
654555
654563
654564
654565
654567
654568
654569
146665
146666
146668
146669
654581
654582
146679
736508
736510
2161920
736512
736514
736523
736525
736527
736529
736531
736533
1883421
1883422
736549
736551
671016
671017
671021
671023
671024
671029
736566
671030
736567
146744
671033
736574
736575
736582
736583
736590
736591
736592
1637715
1637716
1637717
736598
736599
736600
736605
736606
736610
736613
736616
736617
736624
1637748
1637749
736631
736632
736633
736639
671105
671107
736645
736646
671112
671113
736651
1867147
736652
671116
736655
736660
736662
736663
736673
736674
1801635
1801636
736679
736680
736683
736689
736691
736692
736696
1801657
736701
736703
2145745
2014682
2014683
2014704
2014705
671231
671233
1949186
671238
671241
671242
1670667
1670668
163389
1883775
1883776
2211458
2211459
147084
147085
654992
654993
654994
654996
654997
654998
655010
655011
655019
655020
655021
655028
655029
655030
655037
655038
655046
655047
655048
655050
655051
655052
655064
655065
2096864
1867501
737063
737065
737067
737068
2146099
1736499
1736500
737078
737080
737081
737091
737092
737094
1736521
2080586
2080587
1949520
2080608
2080609
1671021
1671022
2162634
2162635
2162656
2162657
2211812
2211813
)
;
    retiredPointMap 
559
(
637094 70531
637096 67016
637098 70918
637100 67017
637102 70635
788670 64391
788671 7965
788672 263172
788673 237786
788674 263203
788675 244689
788676 263171
788677 237781
788678 263200
788679 244657
788680 263170
786654 64389
786655 7953
786656 263147
786657 221881
786658 263583
786659 263548
786660 263579
786661 263520
786662 263580
786663 263532
786664 263578
672058 70558
672059 66903
672060 70562
672061 66910
672062 70589
672063 66911
672064 70574
672065 66906
672066 70575
672067 67650
672068 70704
737620 237742
737622 223014
737624 238320
737626 223013
737628 237773
786906 62814
786907 7952
786908 237540
786909 221869
786910 221872
786911 221901
786912 221867
786913 221858
786914 221861
786915 221899
786916 221848
787158 64388
787159 7957
787160 263154
774873 237569
787161 237541
774874 229646
787162 263152
787163 237564
774875 237797
774876 222862
787164 263153
774877 237798
787165 237539
774878 229776
787166 263149
787167 237554
774879 237794
578272 263513
774880 222107
787168 263150
578273 263486
774881 222113
578274 263515
774882 222132
578275 263483
774883 222104
578276 263516
578277 263488
578278 263519
578279 221837
578280 237538
578281 7959
578282 62827
666577 70550
666578 67665
787410 62878
666579 71363
787411 7949
787412 237563
666580 67105
787413 222788
666581 71365
787414 237562
666582 67987
787415 222798
666583 71370
787416 237560
666584 67106
787417 222787
666585 71368
787418 237559
666586 67637
787419 222797
666587 70684
787420 237553
767040 237609
767041 229680
767042 237900
767043 222900
767044 237902
767045 229819
767046 237897
767047 222899
767048 237895
767049 229760
767050 237765
787662 64387
787663 7947
787664 263146
787665 237529
787666 263151
787667 237525
787668 263145
787669 237515
787670 263148
787671 237511
787672 263144
787914 62746
787915 7946
787916 237528
787917 222502
787918 237524
787919 222501
787920 237514
787921 222498
787922 237510
787923 222497
787924 237502
673296 62938
673297 7964
673298 237783
673299 222852
673300 237784
673301 229766
673302 237779
673303 222851
673304 237778
613912 66955
673305 229757
673306 237760
613916 66956
796231 64686
796232 64500
796233 7968
796234 7972
796235 64687
796236 13807
796237 7981
796238 7978
796239 7983
796240 7989
796241 8012
796242 66963
796243 66987
796244 81878
796245 81952
796246 80686
796247 70536
796248 80687
796249 70543
796250 80688
796251 80689
796252 8013
796253 66964
796254 66988
796255 81888
796256 81953
796257 81890
796258 80690
796259 70920
796260 67046
796261 71063
796262 80691
796263 71065
796264 67075
796265 71222
796266 80692
796267 71224
796268 80693
796269 71367
796270 8000
796271 8007
796272 8001
796273 81881
796274 81954
796275 81892
796276 80694
796277 70922
796278 67047
796279 71066
796280 80695
796281 71069
796282 67076
796283 71225
796284 80696
796285 71229
796286 80697
796287 71372
796288 80698
796289 71062
796290 71220
796291 80699
796292 71221
796293 80700
796294 80701
796295 80702
796296 71364
796297 80703
796298 80704
796299 80705
796300 70591
796301 80706
796302 80707
796303 71067
796304 71227
796305 80708
796306 71226
796307 80709
796308 80710
796309 80711
796310 71369
796311 80712
796312 80713
796313 80714
796314 70576
796315 80715
714396 223128
796316 80716
796317 70647
796318 70664
796319 80717
714400 223127
796320 80718
796321 80719
796322 80720
796323 80721
796324 80722
796325 80723
796326 80724
796327 67661
796328 73483
796329 68912
796330 70542
796331 67663
796332 73488
796333 68913
796334 70549
796335 73494
796336 68914
796337 70557
796338 67837
796339 74069
796340 68915
796341 74075
796342 67839
796343 67918
796344 74352
796345 68916
796346 74359
796347 67920
796348 74591
796349 68917
796350 74598
796351 67989
796352 67612
796353 73254
796354 68918
796355 74081
796356 67841
796357 67624
796358 73310
788166 64392
796359 68919
788167 7977
788168 263206
796360 74366
788169 237530
796361 67922
788170 263204
796362 73373
788171 237526
796363 68920
788172 263205
796364 74605
788173 237516
796365 67991
788174 263201
796366 74074
788175 237512
796367 73487
788176 263202
796368 74358
796369 73493
796370 74597
796371 70564
796372 74080
796373 74351
796374 74365
796375 74590
796376 74604
796377 70596
796378 73252
796379 73309
796380 73307
796381 73372
796382 73370
796383 73437
796384 7992
796385 266416
796386 263994
796387 263156
796388 263157
796389 237768
796390 263158
786150 64390
796391 237771
786151 7961
796392 229764
786152 263155
796393 263159
786153 221878
786154 263584
796394 266828
786155 263539
796395 266485
786156 263585
796396 223051
786157 263518
796397 223089
786158 263581
796398 223165
786159 263535
796399 223203
786160 263582
796400 223240
796401 266487
796402 266829
796403 237775
796404 263160
796405 264031
796406 263161
796407 237796
796408 263162
796409 237899
796410 222937
796411 238012
796412 263163
796413 238014
796414 222975
796415 238156
796416 229953
796417 263164
796418 238153
796419 266830
796420 266527
796421 266529
796422 223052
796423 223090
796424 223166
796425 223204
796426 223241
796427 266544
796428 266831
796429 266546
796430 223276
796431 239198
796432 263165
796433 265066
796434 237777
796435 263166
796436 237800
796437 263167
796438 237904
796439 222938
796440 238015
796441 263168
796442 238019
796443 222976
796444 238159
796445 229740
796446 263169
796447 238158
796448 266832
796449 266528
796450 266503
796451 266519
796452 266833
796453 266548
796454 223277
796455 265069
796456 237782
796457 263173
796458 263174
796459 237896
796460 263175
796461 263176
796462 238010
796463 263177
796464 238011
796465 263178
796466 263179
796467 238154
796468 263180
796469 238155
796470 263181
796471 263182
796472 263183
796473 237901
796474 263184
796475 263185
796476 238017
796477 263186
796478 238016
796479 263187
796480 263188
796481 238161
796482 263189
796483 238160
796484 263190
796485 263191
796486 263192
796487 263193
796488 263194
796489 237650
796490 263195
796491 263196
796492 263197
796493 237695
796494 263198
796495 263199
796496 244663
796497 232981
796498 244661
796499 244672
796500 232982
796501 244669
796502 229762
796503 244680
796504 232983
796505 244677
796506 265065
796507 266417
796508 264067
796509 266418
796510 244705
796511 232984
796512 244712
796513 229778
796514 244842
796515 232985
796516 244849
796517 229821
796518 229880
796519 245042
796520 232986
796521 245049
796522 229882
796523 265068
796524 266419
796525 264068
796526 266420
796527 244234
796528 232987
796529 244722
796530 229780
796531 244372
796532 232988
796533 244856
796534 229823
796535 229709
796536 244490
796537 232989
796538 245056
796539 229884
796540 266421
796541 244711
796542 244671
796543 244848
796544 244679
796545 245048
796546 244685
796547 244721
796548 244841
796549 244855
796550 245041
796551 245055
796552 245295
796553 244230
796554 244371
796555 244369
796556 244489
796557 244487
796558 244605
796559 266422
796560 266423
796561 265194
796562 266424
796563 266425
796564 221824
796565 221823
796566 264408
796567 264411
796568 265195
796569 221797
796570 221832
796571 265197
796572 221803
796573 221834
796574 221833
796575 221798
796576 221804
796577 266834
796578 277450
796579 289538
796580 289255
796581 269613
796582 269646
796583 269581
796584 277535
796585 289539
796586 289272
796587 289280
796588 289197
788418 63297
788419 7967
788420 244701
788421 229770
788422 244700
788423 232991
788424 244695
788425 229768
788426 244694
788427 232990
788428 244655
786402 62908
786403 7955
786404 237557
786405 221904
786406 263547
786407 263500
786408 263545
786409 263490
786410 263544
786411 263499
786412 263512
);
    cutPointEdgePairMap 
126
(
796672 ((730059 729786) (266503 794594))
796673 ((730061 729788) (223052 266503))
796674 ((706833 706560) (794317 223166))
796675 ((706834 706561) (794317 223166))
796676 ((706835 706562) (794317 223166))
796677 ((699000 692532) (794316 223204))
796678 ((699001 692533) (794316 223204))
796679 ((699002 692534) (794316 223204))
796680 ((691442 676301) (266519 223241))
796681 ((691440 676299) (794391 266519))
796682 ((675755 675482) (266833 266548))
796683 ((674936 674663) (223277 7972))
796684 ((744641 744368) (238153 263159))
796685 ((674942 674669) (237775 223276))
796686 ((744637 744364) (238158 263164))
796687 ((674938 674665) (239198 223277))
796688 ((744633 744360) (794661 263169))
796689 ((737081 736808) (266527 266828))
796690 ((675761 675488) (266546 266829))
796691 ((737077 736804) (266528 266830))
796692 ((675757 675484) (266548 266831))
796693 ((737073 736800) (794595 266832))
796694 ((675753 675480) (794388 266833))
796695 ((579792 579540) (7989 266834))
796696 ((579784 579532) (795288 277450))
796697 ((580540 580288) (289538 795289))
796698 ((598537 591985) (269646 795293))
796699 ((598538 591986) (269646 795293))
796700 ((598539 591987) (269646 795293))
796701 ((590979 581046) (289255 269613))
796702 ((590977 581044) (795290 289255))
796703 ((579788 579536) (269581 277535))
796704 ((580544 580292) (289539 289272))
796705 ((598541 591989) (8001 269646))
796706 ((598542 591990) (8001 269646))
796707 ((598543 591991) (8001 269646))
796708 ((590983 581050) (289280 8000))
796709 ((590981 581048) (269613 289280))
796710 ((580548 580296) (7992 289197))
796711 ((579786 579534) (269581 277450))
796712 ((579790 579538) (266834 277535))
796713 ((580542 580290) (289272 289538))
796714 ((580546 580294) (289197 289539))
796589 ((674934 674661) (7972 794373))
796590 ((579794 579542) (794094 7989))
796591 ((606351 606099) (795294 8012))
796592 ((606349 606097) (795294 8012))
796593 ((606350 606098) (795294 8012))
796594 ((621721 621469) (66963 795308))
796595 ((621722 621470) (66963 795308))
796596 ((621723 621471) (66963 795308))
796597 ((629533 629281) (81878 795313))
796598 ((629535 629283) (66987 81878))
796599 ((636589 636337) (81952 795314))
796600 ((644149 643897) (80686 795197))
796601 ((606353 606101) (8012 8013))
796602 ((606354 606102) (8012 8013))
796603 ((606355 606103) (8012 8013))
796604 ((621725 621473) (66964 66963))
796605 ((621726 621474) (66964 66963))
796606 ((621727 621475) (66964 66963))
796607 ((629537 629285) (81888 66987))
796608 ((629539 629287) (66988 81888))
796609 ((636593 636341) (81953 81890))
796610 ((644153 643901) (80690 70920))
796611 ((598545 591993) (794302 8001))
796612 ((598546 591994) (794302 8001))
796613 ((598547 591995) (794302 8001))
796614 ((590987 581054) (8007 794222))
796615 ((590985 581052) (8000 8007))
796616 ((606357 606105) (794499 8013))
796617 ((606358 606106) (794499 8013))
796618 ((606359 606107) (794499 8013))
796619 ((621729 621477) (794500 66964))
796620 ((621730 621478) (794500 66964))
796621 ((621731 621479) (794500 66964))
796622 ((629541 629289) (81881 66988))
796623 ((629543 629291) (794501 81881))
796624 ((636597 636345) (81954 81892))
796625 ((644157 643905) (80694 70922))
796626 ((644151 643899) (70920 80686))
796627 ((644155 643903) (70922 80690))
796628 ((644159 643907) (794529 80694))
796629 ((636591 636339) (81890 81952))
796630 ((636595 636343) (81892 81953))
796631 ((580550 580298) (794223 7992))
796632 ((636599 636347) (794502 81954))
796633 ((744643 744370) (263159 795234))
796634 ((737083 736810) (266828 795237))
796635 ((722234 721961) (223089 795241))
796636 ((722235 721962) (223089 795241))
796637 ((722236 721963) (223089 795241))
796638 ((730067 729794) (266485 223051))
796639 ((730069 729796) (795238 266485))
796640 ((706841 706568) (223165 795244))
796641 ((706842 706569) (223165 795244))
796642 ((706843 706570) (223165 795244))
796643 ((699008 692540) (223203 795247))
796644 ((699009 692541) (223203 795247))
796645 ((699010 692542) (223203 795247))
796646 ((691450 676309) (266487 795250))
796647 ((691448 676307) (223240 266487))
796648 ((675763 675490) (266829 795253))
796649 ((674944 674671) (795254 237775))
796650 ((744639 744366) (263164 238153))
796651 ((737079 736806) (266830 266527))
796652 ((722230 721957) (223090 223089))
796653 ((722231 721958) (223090 223089))
796654 ((722232 721959) (223090 223089))
796655 ((730063 729790) (266529 223052))
796656 ((730065 729792) (223051 266529))
796657 ((706837 706564) (223166 223165))
796658 ((706838 706565) (223166 223165))
796659 ((706839 706566) (223166 223165))
796660 ((699004 692536) (223204 223203))
796661 ((699005 692537) (223204 223203))
796662 ((699006 692538) (223204 223203))
796663 ((691446 676305) (266544 223240))
796664 ((691444 676303) (223241 266544))
796665 ((675759 675486) (266831 266546))
796666 ((674940 674667) (223276 239198))
796667 ((744635 744362) (263169 238158))
796668 ((737075 736802) (266832 266528))
796669 ((722227 721954) (794598 223090))
796670 ((722228 721955) (794598 223090))
796671 ((722226 721953) (794598 223090))
);
}
)

// ************************************************************************* //
