/*--------------------------------*- C++ -*----------------------------------*\
| =========                 |                                                 |
| \\      /  F ield         | OpenFOAM: The Open Source CFD Toolbox           |
|  \\    /   O peration     | Version:  v1812                                 |
|   \\  /    A nd           | Web:      www.OpenFOAM.com                      |
|    \\/     M anipulation  |                                                 |
\*---------------------------------------------------------------------------*/
FoamFile
{
    version     2.0;
    format      ascii;
    class       regIOobject;
    location    "constant/polyMesh";
    object      pointZones;
}
// * * * * * * * * * * * * * * * * * * * * * * * * * * * * * * * * * * * * * //

4
(
i_backo_backCutPointZone
{
    type pointZone;
pointLabels     List<label> 
1202
(
793436
793437
793438
793439
793440
793441
793442
793443
793444
793445
793446
793447
793448
793449
793450
793451
793452
793453
793454
793455
793456
793457
793458
793459
793460
793461
793462
793463
793464
793465
793466
793467
793468
793469
793470
793471
793472
793473
793474
793475
793476
793477
793478
793479
793480
793481
793482
793483
793484
793485
793486
793487
793488
793489
793490
793491
793492
793493
793494
793495
793496
793497
793498
793499
793500
793501
793502
793503
793504
793505
793506
793507
793508
793509
793510
793511
793512
793513
793514
793515
793516
793517
793518
793519
793520
793521
793522
793523
793524
793525
793526
793527
793528
793529
793530
793531
793532
793533
793534
793535
793536
793537
793538
793539
793540
793541
793542
793543
793544
793545
793546
793547
793548
793549
793550
793551
793552
793553
793554
793555
793556
793557
793558
793559
793560
793561
793562
793563
793564
793565
793566
793567
793568
793569
793570
793571
793572
793573
793574
793575
793576
793577
793578
793579
793580
793581
793582
793583
793584
793585
793586
793587
793588
793589
793590
793591
793592
793593
793594
793595
793596
793597
793598
793599
793600
793601
793602
793603
793604
793605
793606
793607
793608
793609
793610
793611
793612
793613
793614
793615
793616
793617
793618
793619
793620
793621
793622
793623
793624
793625
793626
793627
793628
793629
793630
793631
793632
793633
793634
793635
793636
793637
793638
793639
793640
793641
793642
793643
793644
793645
793646
793647
793648
793649
793650
793651
793652
793653
793654
793655
793656
793657
793658
793659
793660
793661
793662
793663
793664
793665
793666
793667
793668
793669
793670
793671
793672
793673
793674
793675
793676
793677
793678
793679
793680
793681
793682
793683
793684
793685
793686
793687
793688
793689
793690
793691
793692
793693
793694
793695
793696
793697
793698
793699
793700
793701
793702
793703
793704
793705
793706
793707
793708
793709
793710
793711
793712
793713
793714
793715
793716
793717
793718
793719
793720
793721
793722
793723
793724
793725
793726
793727
793728
793729
793730
793731
793732
793733
793734
793735
793736
793737
793738
793739
793740
793741
793742
793743
793744
793745
793746
793747
793748
793749
793750
793751
793752
793753
793754
793755
793756
793757
793758
793759
793760
793761
793762
793763
793764
793765
793766
793767
793768
793769
793770
793771
793772
793773
793774
793775
793776
793777
793778
793779
793780
793781
793782
793783
793784
793785
793786
793787
793788
793789
793790
793791
793792
793793
793794
793795
793796
793797
793798
793799
793800
793801
793802
793803
793804
793805
793806
793807
793808
793809
793810
793811
793812
793813
793814
793815
793816
793817
793818
793819
793820
793821
793822
793823
793824
793825
793826
793827
793828
793829
793830
793831
793832
793833
793834
793835
793836
793837
793838
793839
793840
793841
793842
793843
793844
793845
793846
793847
793848
793849
793850
793851
793852
793853
793854
793855
793856
793857
793858
793859
793860
793861
793862
793863
793864
793865
793866
793867
793868
793869
793870
793871
793872
793873
793874
793875
793876
793877
793878
793879
793880
793881
793882
793883
793884
793885
793886
793887
793888
793889
793890
793891
793892
793893
793894
793895
793896
793897
793898
793899
793900
793901
793902
793903
793904
793905
793906
793907
793908
793909
793910
793911
793912
793913
793914
793915
793916
793917
793918
793919
793920
793921
793922
793923
793924
793925
793926
793927
793928
793929
793930
793931
793932
793933
793934
793935
793936
793937
793938
793939
793940
793941
793942
793943
793944
793945
793946
793947
793948
793949
793950
793951
793952
793953
793954
793955
793956
793957
793958
793959
793960
793961
793962
793963
793964
793965
793966
793967
793968
793969
793970
793971
793972
793973
793974
793975
793976
793977
793978
793979
793980
793981
793982
793983
793984
793985
793986
793987
793988
793989
793990
793991
793992
793993
793994
793995
793996
793997
793998
793999
794000
794001
794002
794003
794004
794005
794006
794007
794008
794009
794010
794011
794012
794013
794014
794015
794016
794017
794018
794019
794020
794021
794022
794023
794024
794025
794026
794027
794028
794029
794030
794031
794032
794033
794034
794035
794036
794037
794038
794039
794040
794041
794042
794043
794044
794045
794046
794047
794048
794049
794050
794051
794052
794053
794054
794055
794056
794057
794058
794059
794060
794061
794062
794063
794064
794065
794066
794067
794068
794069
794070
794071
794072
794073
794074
794075
794076
794077
794078
794079
794080
794081
794082
794083
794084
794085
794086
794087
794088
794089
794090
794091
794092
794093
794094
794095
794096
794097
794098
794099
794100
794101
794102
794103
794104
794105
794106
794107
794108
794109
794110
794111
794112
794113
794114
794115
794116
794117
794118
794119
794120
794121
794122
794123
794124
794125
794126
794127
794128
794129
794130
794131
794132
794133
794134
794135
794136
794137
794138
794139
794140
794141
794142
794143
794144
794145
794146
794147
794148
794149
794150
794151
794152
794153
794154
794155
794156
794157
794158
794159
794160
794161
794162
794163
794164
794165
794166
794167
794168
794169
794170
794171
794172
794173
794174
794175
794176
794177
794178
794179
794180
794181
794182
794183
794184
794185
794186
794187
794188
794189
794190
794191
794192
794193
794194
794195
794196
794197
794198
794199
794200
794201
794202
794203
794204
794205
794206
794207
794208
794209
794210
794211
794212
794213
794214
794215
794216
794217
794218
794219
794220
794221
794222
794223
794224
794225
794226
794227
794228
794229
794230
794231
794232
794233
794234
794235
794236
794237
794238
794239
794240
794241
794242
794243
794244
794245
794246
794247
794248
794249
794250
794251
794252
794253
794254
794255
794256
794257
794258
794259
794260
794261
794262
794263
794264
794265
794266
794267
794268
794269
794270
794271
794272
794273
794274
794275
794276
794277
794278
794279
794280
794281
794282
794283
794284
794285
794286
794287
794288
794289
794290
794291
794292
794293
794294
794295
794296
794297
794298
794299
794300
794301
794302
794303
794304
794305
794306
794307
794308
794309
794310
794311
794312
794313
794314
794315
794316
794317
794318
794319
794320
794321
794322
794323
794324
794325
794326
794327
794328
794329
794330
794331
794332
794333
794334
794335
794336
794337
794338
794339
794340
794341
794342
794343
794344
794345
794346
794347
794348
794349
794350
794351
794352
794353
794354
794355
794356
794357
794358
794359
794360
794361
794362
794363
794364
794365
794366
794367
794368
794369
794370
794371
794372
794373
794374
794375
794376
794377
794378
794379
794380
794381
794382
794383
794384
794385
794386
794387
794388
794389
794390
794391
794392
794393
794394
794395
794396
794397
794398
794399
794400
794401
794402
794403
794404
794405
794406
794407
794408
794409
794410
794411
794412
794413
794414
794415
794416
794417
794418
794419
794420
794421
794422
794423
794424
794425
794426
794427
794428
794429
794430
794431
794432
794433
794434
794435
794436
794437
794438
794439
794440
794441
794442
794443
794444
794445
794446
794447
794448
794449
794450
794451
794452
794453
794454
794455
794456
794457
794458
794459
794460
794461
794462
794463
794464
794465
794466
794467
794468
794469
794470
794471
794472
794473
794474
794475
794476
794477
794478
794479
794480
794481
794482
794483
794484
794485
794486
794487
794488
794489
794490
794491
794492
794493
794494
794495
794496
794497
794498
794499
794500
794501
794502
794503
794504
794505
794506
794507
794508
794509
794510
794511
794512
794513
794514
794515
794516
794517
794518
794519
794520
794521
794522
794523
794524
794525
794526
794527
794528
794529
794530
794531
794532
794533
794534
794535
794536
794537
794538
794539
794540
794541
794542
794543
794544
794545
794546
794547
794548
794549
794550
794551
794552
794553
794554
794555
794556
794557
794558
794559
794560
794561
794562
794563
794564
794565
794566
794567
794568
794569
794570
794571
794572
794573
794574
794575
794576
794577
794578
794579
794580
794581
794582
794583
794584
794585
794586
794587
794588
794589
794590
794591
794592
794593
794594
794595
794596
794597
794598
794599
794600
794601
794602
794603
794604
794605
794606
794607
794608
794609
794610
794611
794612
794613
794614
794615
794616
794617
794618
794619
794620
794621
794622
794623
794624
794625
794626
794627
794628
794629
794630
794631
794632
794633
794634
794635
794636
794637
)
;
}

i_fronto_frontCutPointZone
{
    type pointZone;
pointLabels     List<label> 
550
(
794638
794639
794640
794641
794642
794643
794644
794645
794646
794647
794648
794649
794650
794651
794652
794653
794654
794655
794656
794657
794658
794659
794660
794661
794662
794663
794664
794665
794666
794667
794668
794669
794670
794671
794672
794673
794674
794675
794676
794677
794678
794679
794680
794681
794682
794683
794684
794685
794686
794687
794688
794689
794690
794691
794692
794693
794694
794695
794696
794697
794698
794699
794700
794701
794702
794703
794704
794705
794706
794707
794708
794709
794710
794711
794712
794713
794714
794715
794716
794717
794718
794719
794720
794721
794722
794723
794724
794725
794726
794727
794728
794729
794730
794731
794732
794733
794734
794735
794736
794737
794738
794739
794740
794741
794742
794743
794744
794745
794746
794747
794748
794749
794750
794751
794752
794753
794754
794755
794756
794757
794758
794759
794760
794761
794762
794763
794764
794765
794766
794767
794768
794769
794770
794771
794772
794773
794774
794775
794776
794777
794778
794779
794780
794781
794782
794783
794784
794785
794786
794787
794788
794789
794790
794791
794792
794793
794794
794795
794796
794797
794798
794799
794800
794801
794802
794803
794804
794805
794806
794807
794808
794809
794810
794811
794812
794813
794814
794815
794816
794817
794818
794819
794820
794821
794822
794823
794824
794825
794826
794827
794828
794829
794830
794831
794832
794833
794834
794835
794836
794837
794838
794839
794840
794841
794842
794843
794844
794845
794846
794847
794848
794849
794850
794851
794852
794853
794854
794855
794856
794857
794858
794859
794860
794861
794862
794863
794864
794865
794866
794867
794868
794869
794870
794871
794872
794873
794874
794875
794876
794877
794878
794879
794880
794881
794882
794883
794884
794885
794886
794887
794888
794889
794890
794891
794892
794893
794894
794895
794896
794897
794898
794899
794900
794901
794902
794903
794904
794905
794906
794907
794908
794909
794910
794911
794912
794913
794914
794915
794916
794917
794918
794919
794920
794921
794922
794923
794924
794925
794926
794927
794928
794929
794930
794931
794932
794933
794934
794935
794936
794937
794938
794939
794940
794941
794942
794943
794944
794945
794946
794947
794948
794949
794950
794951
794952
794953
794954
794955
794956
794957
794958
794959
794960
794961
794962
794963
794964
794965
794966
794967
794968
794969
794970
794971
794972
794973
794974
794975
794976
794977
794978
794979
794980
794981
794982
794983
794984
794985
794986
794987
794988
794989
794990
794991
794992
794993
794994
794995
794996
794997
794998
794999
795000
795001
795002
795003
795004
795005
795006
795007
795008
795009
795010
795011
795012
795013
795014
795015
795016
795017
795018
795019
795020
795021
795022
795023
795024
795025
795026
795027
795028
795029
795030
795031
795032
795033
795034
795035
795036
795037
795038
795039
795040
795041
795042
795043
795044
795045
795046
795047
795048
795049
795050
795051
795052
795053
795054
795055
795056
795057
795058
795059
795060
795061
795062
795063
795064
795065
795066
795067
795068
795069
795070
795071
795072
795073
795074
795075
795076
795077
795078
795079
795080
795081
795082
795083
795084
795085
795086
795087
795088
795089
795090
795091
795092
795093
795094
795095
795096
795097
795098
795099
795100
795101
795102
795103
795104
795105
795106
795107
795108
795109
795110
795111
795112
795113
795114
795115
795116
795117
795118
795119
795120
795121
795122
795123
795124
795125
795126
795127
795128
795129
795130
795131
795132
795133
795134
795135
795136
795137
795138
795139
795140
795141
795142
795143
795144
795145
795146
795147
795148
795149
795150
795151
795152
795153
795154
795155
795156
795157
795158
795159
795160
795161
795162
795163
795164
795165
795166
795167
795168
795169
795170
795171
795172
795173
795174
795175
795176
795177
795178
795179
795180
795181
795182
795183
795184
795185
795186
795187
)
;
}

i_lefto_leftCutPointZone
{
    type pointZone;
pointLabels     List<label> 
484
(
795188
795189
795190
795191
795192
795193
795194
795195
795196
795197
795198
795199
795200
795201
795202
795203
795204
795205
795206
795207
795208
795209
795210
795211
795212
795213
795214
795215
795216
795217
795218
795219
795220
795221
795222
795223
795224
795225
795226
795227
795228
795229
795230
795231
795232
795233
795234
795235
795236
795237
795238
795239
795240
795241
795242
795243
795244
795245
795246
795247
795248
795249
795250
795251
795252
795253
795254
795255
795256
795257
795258
795259
795260
795261
795262
795263
795264
795265
795266
795267
795268
795269
795270
795271
795272
795273
795274
795275
795276
795277
795278
795279
795280
795281
795282
795283
795284
795285
795286
795287
795288
795289
795290
795291
795292
795293
795294
795295
795296
795297
795298
795299
795300
795301
795302
795303
795304
795305
795306
795307
795308
795309
795310
795311
795312
795313
795314
795315
795316
795317
795318
795319
795320
795321
795322
795323
795324
795325
795326
795327
795328
795329
795330
795331
795332
795333
795334
795335
795336
795337
795338
795339
795340
795341
795342
795343
795344
795345
795346
795347
795348
795349
795350
795351
795352
795353
795354
795355
795356
795357
795358
795359
795360
795361
795362
795363
795364
795365
795366
795367
795368
795369
795370
795371
795372
795373
795374
795375
795376
795377
795378
795379
795380
795381
795382
795383
795384
795385
795386
795387
795388
795389
795390
795391
795392
795393
795394
795395
795396
795397
795398
795399
795400
795401
795402
795403
795404
795405
795406
795407
795408
795409
795410
795411
795412
795413
795414
795415
795416
795417
795418
795419
795420
795421
795422
795423
795424
795425
795426
795427
795428
795429
795430
795431
795432
795433
795434
795435
795436
795437
795438
795439
795440
795441
795442
795443
795444
795445
795446
795447
795448
795449
795450
795451
795452
795453
795454
795455
795456
795457
795458
795459
795460
795461
795462
795463
795464
795465
795466
795467
795468
795469
795470
795471
795472
795473
795474
795475
795476
795477
795478
795479
795480
795481
795482
795483
795484
795485
795486
795487
795488
795489
795490
795491
795492
795493
795494
795495
795496
795497
795498
795499
795500
795501
795502
795503
795504
795505
795506
795507
795508
795509
795510
795511
795512
795513
795514
795515
795516
795517
795518
795519
795520
795521
795522
795523
795524
795525
795526
795527
795528
795529
795530
795531
795532
795533
795534
795535
795536
795537
795538
795539
795540
795541
795542
795543
795544
795545
795546
795547
795548
795549
795550
795551
795552
795553
795554
795555
795556
795557
795558
795559
795560
795561
795562
795563
795564
795565
795566
795567
795568
795569
795570
795571
795572
795573
795574
795575
795576
795577
795578
795579
795580
795581
795582
795583
795584
795585
795586
795587
795588
795589
795590
795591
795592
795593
795594
795595
795596
795597
795598
795599
795600
795601
795602
795603
795604
795605
795606
795607
795608
795609
795610
795611
795612
795613
795614
795615
795616
795617
795618
795619
795620
795621
795622
795623
795624
795625
795626
795627
795628
795629
795630
795631
795632
795633
795634
795635
795636
795637
795638
795639
795640
795641
795642
795643
795644
795645
795646
795647
795648
795649
795650
795651
795652
795653
795654
795655
795656
795657
795658
795659
795660
795661
795662
795663
795664
795665
795666
795667
795668
795669
795670
795671
)
;
}

i_righto_rightCutPointZone
{
    type pointZone;
pointLabels     List<label> 
484
(
795672
795673
795674
795675
795676
795677
795678
795679
795680
795681
795682
795683
795684
795685
795686
795687
795688
795689
795690
795691
795692
795693
795694
795695
795696
795697
795698
795699
795700
795701
795702
795703
795704
795705
795706
795707
795708
795709
795710
795711
795712
795713
795714
795715
795716
795717
795718
795719
795720
795721
795722
795723
795724
795725
795726
795727
795728
795729
795730
795731
795732
795733
795734
795735
795736
795737
795738
795739
795740
795741
795742
795743
795744
795745
795746
795747
795748
795749
795750
795751
795752
795753
795754
795755
795756
795757
795758
795759
795760
795761
795762
795763
795764
795765
795766
795767
795768
795769
795770
795771
795772
795773
795774
795775
795776
795777
795778
795779
795780
795781
795782
795783
795784
795785
795786
795787
795788
795789
795790
795791
795792
795793
795794
795795
795796
795797
795798
795799
795800
795801
795802
795803
795804
795805
795806
795807
795808
795809
795810
795811
795812
795813
795814
795815
795816
795817
795818
795819
795820
795821
795822
795823
795824
795825
795826
795827
795828
795829
795830
795831
795832
795833
795834
795835
795836
795837
795838
795839
795840
795841
795842
795843
795844
795845
795846
795847
795848
795849
795850
795851
795852
795853
795854
795855
795856
795857
795858
795859
795860
795861
795862
795863
795864
795865
795866
795867
795868
795869
795870
795871
795872
795873
795874
795875
795876
795877
795878
795879
795880
795881
795882
795883
795884
795885
795886
795887
795888
795889
795890
795891
795892
795893
795894
795895
795896
795897
795898
795899
795900
795901
795902
795903
795904
795905
795906
795907
795908
795909
795910
795911
795912
795913
795914
795915
795916
795917
795918
795919
795920
795921
795922
795923
795924
795925
795926
795927
795928
795929
795930
795931
795932
795933
795934
795935
795936
795937
795938
795939
795940
795941
795942
795943
795944
795945
795946
795947
795948
795949
795950
795951
795952
795953
795954
795955
795956
795957
795958
795959
795960
795961
795962
795963
795964
795965
795966
795967
795968
795969
795970
795971
795972
795973
795974
795975
795976
795977
795978
795979
795980
795981
795982
795983
795984
795985
795986
795987
795988
795989
795990
795991
795992
795993
795994
795995
795996
795997
795998
795999
796000
796001
796002
796003
796004
796005
796006
796007
796008
796009
796010
796011
796012
796013
796014
796015
796016
796017
796018
796019
796020
796021
796022
796023
796024
796025
796026
796027
796028
796029
796030
796031
796032
796033
796034
796035
796036
796037
796038
796039
796040
796041
796042
796043
796044
796045
796046
796047
796048
796049
796050
796051
796052
796053
796054
796055
796056
796057
796058
796059
796060
796061
796062
796063
796064
796065
796066
796067
796068
796069
796070
796071
796072
796073
796074
796075
796076
796077
796078
796079
796080
796081
796082
796083
796084
796085
796086
796087
796088
796089
796090
796091
796092
796093
796094
796095
796096
796097
796098
796099
796100
796101
796102
796103
796104
796105
796106
796107
796108
796109
796110
796111
796112
796113
796114
796115
796116
796117
796118
796119
796120
796121
796122
796123
796124
796125
796126
796127
796128
796129
796130
796131
796132
796133
796134
796135
796136
796137
796138
796139
796140
796141
796142
796143
796144
796145
796146
796147
796148
796149
796150
796151
796152
796153
796154
796155
)
;
}
)

// ************************************************************************* //
